35559.1026935323,33123.6238723026,35836.9259643483,29036.4642316541,41176.3712736133,30636.8913529146,34996.7645378555,27220.46147181,34301.906089152,31952.0079241761,39313.1454907445,30191.0131812602,30400.8480494977,40047.9997248625,36912.6729721965,48269.7920171881,20400.2733477191,34663.6302302329,41442.6398327784,25205.0493042635,39274.7780854864,29025.8326059369,36875.4044690885,27745.425682085,33858.2844769321
35559.1026935323,33123.6238723026,35836.9259643483,29036.4642316541,41176.3712736133,30636.8913529146,34996.7645378555,27220.46147181,34301.906089152,31952.0079241761,28454.1172501837,30191.0131812602,30400.8480494977,40047.9997248625,36912.6729721965,21542.2353810853,20400.2733477191,34663.6302302329,33454.9590801032,25205.0493042635,39274.7780854864,29025.8326059369,36875.4044690885,27745.425682085,33858.2844769321
35559.1026935323,33123.6238723026,35836.9259643483,29036.4642316541,41176.3712736133,30636.8913529146,34996.7645378555,27220.46147181,34301.906089152,31952.0079241761,28454.1172501837,30191.0131812602,30400.8480494977,35586.8761188792,36912.6729721965,21542.2353810853,20400.2733477191,34663.6302302329,30558.6876747294,25205.0493042635,34171.0108815986,29025.8326059369,36875.4044690885,27745.425682085,33858.2844769321
35559.1026935323,33123.6238723026,35836.9259643483,29036.4642316541,41176.3712736133,30636.8913529146,34996.7645378555,27220.46147181,34301.906089152,27070.0743818987,26774.7447012924,30191.0131812602,29816.7392156928,30515.841026657,36912.6729721965,21314.4170728236,20400.2733477191,34663.6302302329,25008.6367274822,25205.0493042635,34171.0108815986,29025.8326059369,36875.4044690885,27745.425682085,33858.2844769321
33845.1193909681,33123.6238723026,30605.4685677064,28517.5756577546,41176.3712736133,30636.8913529146,34996.7645378555,27220.46147181,34301.906089152,27070.0743818987,26774.7447012924,30191.0131812602,29816.7392156928,30515.841026657,36912.6729721965,21010.6191512042,20400.2733477191,34637.1988027176,23221.7217360117,25205.0493042635,34171.0108815986,29025.8326059369,36875.4044690885,27745.425682085,33858.2844769321
29538.1663774082,29343.6730003061,25984.6200278663,26005.6934812777,38489.8112348767,30636.8913529146,34996.7645378555,27220.46147181,34301.906089152,19612.475367337,26774.7447012924,30191.0131812602,18266.0470568793,30099.7725056758,32156.4102177938,19759.6793633605,15639.0623568397,25104.2209687962,18297.0608445778,25205.0493042635,31250.0947422491,29025.8326059369,36875.4044690885,20864.5445679817,31782.0986472265
26473.2022755211,29343.6730003061,25984.6200278663,21227.4792727154,38489.8112348767,30636.8913529146,29176.0828750626,27220.46147181,23337.7612228751,19339.7178615544,26774.7447012924,30191.0131812602,18266.0470568793,24081.7670644185,30981.696860853,17057.9996607278,14201.197172242,25104.2209687962,14863.0207008616,25205.0493042635,19744.4571378074,29025.8326059369,27360.7651575143,19883.6415812743,31782.0986472265
20061.8524704364,29343.6730003061,25984.6200278663,17995.4997924419,29527.7590724895,28311.9723201737,27771.5243757295,26499.8556536762,23337.7612228751,19339.7178615544,23766.7163063323,30191.0131812602,18266.0470568793,24081.7670644185,28825.7799446111,15412.2073212911,14201.197172242,25104.2209687962,14863.0207008616,25205.0493042635,19744.4571378074,27947.1751250932,27360.7651575143,14876.3358386551,31782.0986472265
20061.8524704364,29343.6730003061,25984.6200278663,17995.4997924419,29527.7590724895,28311.9723201737,27771.5243757295,25172.0587161933,23337.7612228751,17088.2343823655,16891.6342301741,30191.0131812602,18266.0470568793,24081.7670644185,28221.6467269184,13647.8160765932,14201.197172242,23363.2981264614,14863.0207008616,25205.0493042635,19744.4571378074,27947.1751250932,27360.7651575143,14876.3358386551,31782.0986472265
20061.8524704364,13753.8748865591,25984.6200278663,17995.4997924419,29527.7590724895,28311.9723201737,23704.8267591301,25172.0587161933,23337.7612228751,17088.2343823655,16891.6342301741,20989.9251063865,18266.0470568793,24081.7670644185,27243.0016488257,13647.8160765932,14201.197172242,16311.5848332974,14863.0207008616,25205.0493042635,19744.4571378074,18572.8741402711,27360.7651575143,14876.3358386551,22839.8298763203
20061.8524704364,13753.8748865591,21218.7365664097,17995.4997924419,26839.3364164856,28311.9723201737,17012.4465032379,25172.0587161933,23337.7612228751,17088.2343823655,16891.6342301741,20989.9251063865,18266.0470568793,24081.7670644185,27243.0016488257,13647.8160765932,14201.197172242,16311.5848332974,14863.0207008616,25205.0493042635,19744.4571378074,18572.8741402711,26288.3151036788,14347.5969317355,21520.3570855767
20061.8524704364,13753.8748865591,20118.0598352611,17995.4997924419,24385.4155040149,23719.5212832989,17012.4465032379,21707.8979356607,22314.9591398688,17088.2343823655,16891.6342301741,20989.9251063865,15176.9051543055,24081.7670644185,27243.0016488257,13647.8160765932,14201.197172242,14906.1995802327,14863.0207008616,25205.0493042635,19744.4571378074,12987.1573018606,16749.4976409811,14347.5969317355,13289.1900372912
18302.3965934117,13276.8961874605,14579.6667226395,17995.4997924419,21978.0565961317,23719.5212832989,17012.4465032379,21707.8979356607,22055.1113299644,14076.4335741737,16891.6342301741,20989.9251063865,13121.4444743634,21126.2180142234,27243.0016488257,13647.8160765932,11509.3661845273,13717.1343320423,14863.0207008616,12386.1742930159,13214.349536814,12987.1573018606,10869.9569295983,12681.4631392904,12313.5308898747
12518.2158108265,9360.53285926351,11941.8850683682,17995.4997924419,14504.0466746253,23719.5212832989,12752.7056863894,18851.9757348318,15974.8002747221,14076.4335741737,14524.8572667946,14976.1942111158,12422.242180089,16712.6485376641,17935.5227468108,13647.8160765932,9851.82152486374,10741.7533970696,7866.84184924167,12386.1742930159,12041.7192886935,5963.85298784471,10869.9569295983,9807.07882983352,10541.762095245
10909.292554479,9085.65789780562,11312.5301872926,16492.1583910498,14504.0466746253,18690.657121596,12224.4818947412,12911.6603054886,13483.0095545063,14076.4335741737,14524.8572667946,11545.2356774165,8425.45548979855,11317.1223847758,17878.293293948,13647.8160765932,6814.30386983602,9943.18535105039,7866.84184924167,9111.25392427491,9308.37437000097,5963.85298784471,8140.17290675624,3931.48377968672,5872.39087366324
10532.8411030369,8063.12462395168,9941.96354559625,12338.5140923866,7278.74934827801,15187.3201795416,8392.95311841323,12911.6603054886,11086.2663333172,12348.1677018905,12292.8786368989,8688.39346512506,6287.43805917754,9349.58052568194,11652.1948664448,11377.8587973433,6814.30386983602,6220.60679164615,7866.84184924167,6514.5938674034,8883.76215827191,5963.85298784471,5754.7719792721,3931.48377968672,5872.39087366324
8082.87607700275,7028.63975966052,9393.26408788961,7876.64508161688,7278.74934827801,12267.9896683071,3986.61369798221,10039.6352016228,9272.04769347252,7997.66030268993,9609.83969696302,8688.39346512506,5946.69767764745,7928.35226691861,9048.55833871657,7786.66621457108,4862.84394406582,4452.70409945252,7541.72246024251,5502.76191211603,8883.76215827191,5963.85298784471,5754.7719792721,3931.48377968672,5872.39087366324
5401.88246917287,4695.45641657189,5280.48463697072,7581.63461610291,7023.78875152195,9191.71469089666,2800.04044800134,6137.28650951219,6555.12460207185,7336.69044029486,7973.73654626861,8676.85379433034,4036.46760263577,6729.22217182239,7816.62071976162,7786.66621457108,3527.65414018275,3224.7987802076,6122.66661508288,5080.79859062517,4363.39100228685,5963.85298784471,4425.16858547122,3931.48377968672,4002.87255785505
4691.19591470309,3126.88254583533,5280.48463697072,7581.63461610291,5498.46222278078,6999.23205312539,2800.04044800134,3969.79446775992,6555.12460207185,6995.17074423974,5993.80919798797,8593.22116865503,3924.35915013933,6309.17179537787,6292.44972714634,7786.66621457108,3084.74864776412,3224.7987802076,5026.77185024944,4808.00833662513,3966.40378395683,3206.58710347219,3052.11128102618,3931.48377968672,3862.79150196229
3357.86157515682,3126.88254583533,4543.92278717943,6141.30714436047,4729.39156848852,5592.4339437236,2679.96110244782,3606.93876424636,3920.17503273894,5128.38044680786,5044.2491591614,4747.13899651372,2826.4241812776,4220.93843020248,5074.09705556728,3791.06312816052,2346.70701476968,2703.04328905145,5026.77185024944,4285.90363714904,2851.77657773362,3206.58710347219,2399.12665300804,2689.89345942379,2971.80762105572
3185.82795221751,2739.83007139274,3227.92133734517,3365.54559944866,3798.50587987899,5592.4339437236,2679.96110244782,3606.93876424636,3920.17503273894,4004.79255565035,4369.35863678664,3489.20706392536,1803.60417156983,3464.20606725881,5074.09705556728,3791.06312816052,1670.45167176369,2089.6792138909,5026.77185024944,3840.62957955365,2092.95531330234,3044.96898035886,2399.12665300804,2689.89345942379,2780.51827657059
2298.2268811444,1622.29464683012,3211.3719146903,3365.54559944866,2554.99880323611,4234.75860437429,2042.23676111548,3606.93876424636,2454.64962589801,2743.29597898331,2791.9758767298,3085.14176987398,1724.97856519572,3270.23442857068,3431.60845242269,2941.50697503077,1670.45167176369,2089.6792138909,3263.25913144406,3480.80630750864,1164.03134389396,1717.30353203347,1637.03629107,2262.54607244279,2189.86419860912
1289.70949279357,1622.29464683012,2631.68451355692,3365.54559944866,2300.95537493981,4224.66933229384,1086.85893063006,3547.8721836752,2252.17421495447,2221.62596890362,2570.47515757033,2507.86076400938,952.990724070338,2941.07181733511,2385.35103409688,2696.2930106797,1670.45167176369,1730.08513854798,3263.25913144406,2180.00339786322,1164.03134389396,1717.30353203347,1637.03629107,1149.96783804365,1499.14340071571
1289.70949279357,1315.05358395154,1861.61841676599,2253.69403754456,1881.82968247226,3050.99342806916,1086.85893063006,3289.74441608157,1158.93112832777,2221.62596890362,2067.58455106386,2169.29535482826,734.533985140327,1968.54432726299,1655.59525807182,2393.57030020138,1184.27974605187,790.300223923411,3049.3937747,781.835691775128,902.313209535012,1405.09278722296,1055.51489553603,935.015555476218,828.857066467211
1059.85180936194,1049.01989482727,1610.60772130574,2253.69403754456,1196.24059587186,2650.16146593468,678.636820557611,2523.17036153514,902.663519252442,1723.05619097467,1111.90285073259,1018.373688292,523.377069154622,1485.42500543374,749.307505844104,2240.15940763686,987.369316886469,650.489207139933,2340.92373108563,781.835691775128,771.608337230925,1405.09278722296,983.350218938487,935.015555476218,742.035323027948
772.245027312698,851.907071208391,1282.92529462614,1631.61805397322,715.310089394491,2109.26738886636,561.187997652854,1670.70326372821,582.313457662082,1083.37467804176,997.496841871123,1018.373688292,278.22959984095,1350.31752130358,749.307505844104,1537.24574755585,766.652971904452,614.274171802971,1301.2770109182,390.35066174161,720.444713565247,1317.62979696823,954.333603883205,758.54656088993,645.14424253646
730.347362874692,630.758977778065,1158.78834809104,1603.27067366551,715.310089394491,1402.63687823031,341.628119308293,969.627688270125,497.968532838227,1083.37467804176,850.693308571564,1018.373688292,278.22959984095,1215.20451080057,749.307505844104,1472.82584726667,589.470234386923,471.971563717103,1301.2770109182,390.35066174161,662.185101027007,1100.42693308358,853.95901766971,658.693613428983,558.686700734583
355.341044744547,467.531203216776,519.269641627969,762.981893262759,570.35140657979,1179.17664661099,263.731172971068,969.627688270125,290.380957095583,673.8830459066,592.506372238133,695.268842076689,232.975944124307,785.297080991149,749.307505844104,687.48959588989,403.790687170858,289.45696989931,1039.63268964071,390.35066174161,312.669721175504,673.886228556077,556.490580768758,401.863209700079,409.811644778871
355.341044744547,467.531203216776,519.269641627969,570.951275431975,381.357113349089,896.076003515068,253.045898807705,666.083675862449,290.380957095583,673.8830459066,530.994624553708,570.271378305665,232.975944124307,646.898828909871,513.741574663914,632.249344792854,336.420137580997,197.983040492479,1039.63268964071,320.416227217863,297.766987112472,651.290029829799,340.73949464557,284.697258232694,409.811644778871
266.748686920188,409.409614990263,519.269641627969,570.951275431975,270.680262101973,681.555780987522,169.926685419646,648.766288810385,180.804450456532,542.24202555722,303.626040322079,408.322085653599,191.917599644089,449.908858555858,326.4372979571,390.426203650089,180.343597510635,165.555755955775,905.578716811893,233.216668252659,185.820779345804,460.687917314528,245.109442592573,239.12752074077,201.406968977061
194.575543968698,317.499285334573,458.543078006604,488.560841752831,208.701727930418,504.055027180247,126.27977427528,500.404398371606,180.804450456532,350.711802347991,176.320786588735,408.322085653599,99.2443672175584,321.7588042529,147.009576281519,324.749371527472,173.87481957471,165.555755955775,516.795331323438,160.521180541466,185.820779345804,434.9187296476,171.268327898382,234.167425705262,201.406968977061
152.310302387215,194.51015714527,213.709967959122,179.434315368238,115.550139948688,390.955272189193,94.0132533423368,466.126592758192,139.076478512602,177.669678836351,176.320786588735,348.27200760985,99.2443672175584,225.238567238017,147.009576281519,220.015267911885,67.3688752754458,127.026213642749,516.795331323438,113.556566486632,129.042096503283,314.520683348696,164.136815030542,126.523184210127,152.924576894007
117.090674005502,114.663180454487,213.709967959122,179.434315368238,90.9666750840742,335.370466537503,67.1733239615589,446.553361543962,78.118746354556,140.467308026879,176.320786588735,205.861820574783,99.2443672175584,171.219397782336,147.009576281519,113.754998609789,67.3688752754458,113.085780579057,459.785143845481,66.0016837271623,77.1251127957019,266.632986602307,132.149110270433,112.260347859462,152.924576894007
101.153476067221,91.5467774458015,212.579732286288,155.345453016429,57.9771245294105,231.110270558885,35.3019962240214,293.264177113935,55.2778987758718,92.4714181368888,143.61739100771,205.861820574783,77.334003659343,117.341930641198,146.663539735413,113.754998609789,48.2606198631903,87.8649025481069,374.274838902369,41.4014674909731,51.2899346219765,200.694880075239,91.6206998173335,101.823208118429,101.80175732273
73.619140247469,91.5467774458015,96.2515232772707,155.345453016429,44.7894311727146,231.110270558885,35.3019962240214,208.557704347544,52.4381226231085,92.4714181368888,127.67838206792,167.867166006274,57.0005901708121,117.341930641198,93.8857921457726,106.946995755285,48.2606198631903,59.6713975327236,342.346291787403,29.6085089485595,51.2899346219765,115.159495232062,63.3197619222368,78.3545799793947,90.6811256618878
47.1307848205398,46.0923095815306,96.2515232772707,120.797790780717,36.0592475654535,137.809562047507,29.2709011042599,208.557704347544,32.6753912785978,70.54465647999,91.1989899580849,102.519815486645,30.1067527648488,88.2548051659146,83.9732456618125,82.3073814706011,35.3394834439475,46.2249785950127,231.625587135518,24.5922652745979,41.1733071371144,115.159495232062,38.8273072179974,57.2606323395229,54.3202925933967
45.9611960910183,44.69901996149,49.4846655130776,67.2089013534998,33.4547421877292,130.75335991555,29.2709011042599,193.561269403335,28.7329926016903,58.1905144948546,75.1579499020283,71.5466450760487,28.8275028696677,66.6803407303074,69.9407063222914,61.8091689545396,25.0590110009125,35.2843565478637,155.796061941674,10.0911849302746,36.2326498760725,92.7925155883612,29.3963101668319,31.1895104456117,46.9447197594826
24.786535672716,29.4820474274517,49.4846655130776,67.2089013534998,20.4019097479171,63.2583388550607,22.5228805468934,113.606087218469,16.994418584332,47.3446829018272,58.9726132411954,62.6904779008183,11.8711330727688,36.4461187415009,38.3688018324184,46.1618102103536,19.5764847360178,22.4507843722519,136.304264201203,10.0911849302746,21.8942241412375,62.8819189248228,17.0439427234212,24.8565402842071,45.2213936375225
19.3309265487757,16.1602500614943,49.4846655130776,59.9818739807639,15.7794315027941,56.2939098710505,20.808564075792,89.6908898955011,12.4421850523735,27.9401881182072,38.9803610076879,28.9609082207778,11.8711330727688,33.8814998243997,38.3688018324184,18.9001275622988,14.0914100934318,22.4507843722519,97.7293557727797,10.0911849302746,14.3596813255996,38.7350702516489,9.59385144230509,24.8565402842071,17.0639522477142
13.022887118724,12.9484219108682,18.8292449493354,40.4806577615632,11.367628677647,49.7706977785457,12.2729150917286,59.6036651866875,11.1386733293942,11.7526574485307,32.6526768543049,17.8861307308633,8.69815835292752,16.0153273699566,26.1436154477999,18.9001275622988,7.58792572634115,12.5207703577858,61.2741992707757,7.93066116581758,14.3596813255996,27.5733157806383,9.00203845740452,14.3108800984614,17.0639522477142
11.6414460273882,12.9484219108682,13.1868212816088,26.7670824403796,11.367628677647,39.7136334966184,9.12300294028807,35.2793274037684,9.70705788484554,11.7526574485307,27.0343713607481,17.8861307308633,4.37001642122209,14.3787089739202,18.6917581615392,11.8311163077834,7.58792572634115,9.82844245893284,40.6965849118213,7.58845228538576,12.517867772372,26.412414411662,7.59272425837344,10.7931195603185,10.0064410521069
6.77455331727913,9.09652727845923,11.1509035009874,15.5975519578039,8.88540596180974,19.6797596440891,5.22505876473326,35.2793274037684,6.19751423913021,10.2805085433387,19.752757383812,15.2146189694155,4.12384196323808,11.5735686510277,13.6318967342921,11.1548403498233,7.56713983742145,9.49268502058305,29.2599653734582,5.35422244630558,5.756480805038,17.7445756399245,5.50784582761378,4.38844003365136,10.0064410521069
5.44190998536396,7.56277388738431,6.49136809002607,12.6435664799294,6.58313461858779,17.6438302162146,5.22505876473326,35.2793274037684,6.19751423913021,10.0783572420048,12.5868807505169,13.3855858096925,2.81032278611428,9.49394803228665,11.3168391869121,10.1794943407598,5.2016055357376,8.33475138648043,17.1024914712416,4.19787507977844,5.756480805038,8.8633750789038,3.74270093818097,4.38844003365136,7.56716208092848
4.87344382462368,5.60849243586608,6.08667456396529,6.30899905614842,4.84186589951696,13.035339330445,3.7186582820691,21.9362596322675,5.12269258889387,4.35629676677343,11.3639364728199,8.12078173047325,2.58352502697664,7.65291700432272,11.0076153595367,7.94883350057944,4.66529511326576,5.57410972878733,9.97862337558877,3.39600247527903,3.48070638942954,8.8633750789038,3.66387067620155,3.26629776977609,7.1705173188567
2.82124415288138,5.60849243586608,5.2440661139284,5.28247133064633,4.84186589951696,10.5464033776345,3.41246285085879,16.2057170007141,3.46694435872348,4.35629676677343,6.3221479643006,8.04041352563502,2.27065543984429,6.19483284224327,8.86808388725524,6.24413375741403,4.15135220642844,5.57410972878733,8.30358787898763,2.80241870285522,3.23802691796641,8.84290772791587,2.85351540674992,3.0796242294407,4.35342173397794
2.67668879521909,4.00301962913943,2.94692154909831,4.64816063323565,2.83656081740378,7.95422972487995,2.54091811991896,12.6109940076384,2.85088575324949,4.00631101360602,6.3221479643006,6.857099943187,1.71974075523303,4.80475398238912,6.1016950057392,3.66676439123546,1.73992144426234,4.52962611647411,5.14972574558942,2.10451526364693,1.86712103813102,5.24814383991395,2.4271799248553,2.40286968750763,3.54801858781173
2.67668879521909,2.94202085762254,2.40242607443849,2.94449917790587,2.37700619280531,6.74823223595411,2.51529279741192,9.88208024451262,2.57795374665136,3.52932599828989,5.90291306588472,5.35612132667404,1.47637033327044,4.14476193856365,5.6798550624444,3.27187689742482,1.63727636848569,3.80706475292345,5.14972574558942,0.987030606885014,1.57060536504207,4.16831810147698,2.00886505354174,1.81410895263548,2.84102544703205
2.08733392434419,2.10969482510643,2.40242607443849,2.94449917790587,1.86273012715276,4.5706003672002,2.33362477899266,7.19651106915944,2.07723085061059,2.21022692476208,4.44067155906839,3.77943163350847,1.2435427960163,2.87663802329246,4.33723042471411,3.17950362528654,1.63727636848569,3.7889754208627,3.65838369502683,0.987030606885014,1.31960294736177,2.85210923811951,2.00886505354174,1.22709540573794,2.50889499615198
1.46884258302271,2.10969482510643,1.477059176794,2.94449917790587,1.85367913337996,4.32765383125331,2.33362477899266,5.69027709740408,1.50056515521771,1.69021861786246,3.43362883626935,3.38440188419474,1.11226796948063,2.28765460989507,3.02787637623805,2.30947609002533,1.33119413889199,3.17746169792952,2.17773811980692,0.987030606885014,1.24572387997023,2.70573912105237,1.53870809507259,1.22709540573794,1.9878465710367
1.46884258302271,1.43439066256053,1.477059176794,2.07926930985957,1.3538056679331,3.97671104502922,1.72920300674264,4.3549158937509,1.18686609591964,1.36603827559486,1.59638429783809,2.15579405934261,0.831290642934277,1.56976589420265,2.50511231849885,2.30947609002533,0.974713721162743,2.29941605191914,2.17773811980692,0.890051930073355,0.94116097489291,2.37575914147203,0.996065097293126,0.929348723707903,1.43616280386561
1.24694649340825,1.2029437247329,1.4556619332227,1.84062707339865,1.35073955676376,2.79169029876607,1.50277855211016,3.46258319275478,1.05299746324874,1.18147908250387,1.59638429783809,1.6752481639154,0.772521348956957,1.56976589420265,1.93545753016531,1.79875343520712,0.974713721162743,1.95003350863169,2.04953583564975,0.885322769058234,0.925584389083497,2.33109726923328,0.996065097293126,0.811638137048931,1.35537825676636
1.00696320839029,0.958993578809782,0.886278420989015,1.38789579337708,1.04659619324377,2.07671249429791,1.27981038738858,3.46258319275478,0.913387905466038,1.16514919726546,1.35677320844354,1.40328520800301,0.772521348956957,1.46905894660551,1.57832872622316,1.29551660987011,0.881504128178221,1.30116615902216,1.99312220507079,0.683073326982935,0.624003327325909,2.00157185449234,0.946880432226635,0.568114274638788,1.05129200708643
0.913183367720194,0.958993578809782,0.886278420989015,1.38789579337708,0.964756614224825,1.78834618010103,1.12745294622903,2.35161208646412,0.773403027803397,0.877292100563977,1.35677320844354,1.32011874895136,0.638383956700636,1.05772946141747,1.31218507754272,1.27077366589197,0.710938128503926,1.09550073065873,1.45994175901023,0.606712412270099,0.604812689949881,1.35410742825945,0.905257867918408,0.568114274638788,1.02596949891927
0.731397292787165,0.856300233483694,0.838161207681537,1.2100191134524,0.893767604357663,1.25696039440709,0.85479823979324,1.90975609430336,0.684797431600828,0.817651169817395,1.14969671342362,1.04812168719775,0.604458173804801,1.05772946141747,1.15424380493641,0.939080272041792,0.61236005223725,0.961662429639546,1.01226428569237,0.559997152163874,0.446035634206737,1.1585972901496,0.761810964454526,0.502506317027155,0.850362187894348
0.697969475157834,0.730513071452719,0.60183970725177,1.06739301230925,0.725133829695778,0.866822228868614,0.85479823979324,1.90975609430336,0.594386639249706,0.755402825004126,0.932082179389226,0.695195329040871,0.369111452246443,0.833315288847757,1.00437596543429,0.745436645021073,0.601160806274152,0.908416636588527,0.992233761923103,0.476033139037895,0.446035634206737,0.978475624721455,0.662320660552382,0.447667449165465,0.830566499558245
0.399232543103722,0.482211481167838,0.536297306269603,0.827253956152731,0.62050643933128,0.866822228868614,0.77035280885184,1.69189139857781,0.455392690215376,0.592333378732405,0.714318451750728,0.638925944295579,0.369111452246443,0.833315288847757,0.803154398079755,0.745436645021073,0.440086577574448,0.908416636588527,0.788869981893868,0.362394634778411,0.258504588437404,0.76593408383053,0.465534729172532,0.276399636714245,0.61290557641496
0.399232543103722,0.478533047927158,0.536297306269603,0.760259044676673,0.612845016200708,0.805936430292832,0.635343223619202,1.55661557532028,0.445274080541935,0.433147356922746,0.714318451750728,0.638925944295579,0.269515747549917,0.833315288847757,0.687212400194312,0.561147504075961,0.282195904932223,0.719709916728902,0.788869981893868,0.348266407544656,0.258504588437404,0.76593408383053,0.429910057236953,0.238005817985709,0.436549808190875
0.264409611988754,0.425605758072265,0.446615482896959,0.607766842548472,0.389558405838443,0.805936430292832,0.598508989863717,1.23491079261157,0.302877673711464,0.422141584589554,0.539720968595702,0.380985245689544,0.195106022052755,0.699552491116947,0.687212400194312,0.36889746514646,0.245962675041596,0.622367205316777,0.607794391058178,0.2278854439204,0.199621938809287,0.645069263930395,0.4135533516328,0.225255746840389,0.415359274742286
0.264409611988754,0.311494333931591,0.395397688617095,0.585890990150801,0.325010178692651,0.596432501560571,0.598508989863717,1.12077226185988,0.2392110681144,0.268089149761408,0.539720968595702,0.380985245689544,0.170342833351924,0.532488435532855,0.581229320919874,0.36889746514646,0.185446146555137,0.46515112726911,0.531428814563355,0.175561720164637,0.176877885242106,0.645069263930395,0.288134808751352,0.196817727083044,0.38124238025614
0.175634789208857,0.244085700188862,0.281164401527121,0.394555354401632,0.212977465206336,0.559872433653254,0.428925413186448,0.927662424354253,0.229178128795979,0.268089149761408,0.416713378183999,0.356069038736109,0.0847169082576329,0.351931283893009,0.556714131145668,0.36889746514646,0.164190289558064,0.419993692224011,0.454361982953742,0.118670851129082,0.146122809383428,0.526968541677775,0.152433098651727,0.106124973865008,0.287850736755217
0.175634789208857,0.115017785695613,0.221296015264102,0.290280887661197,0.17274939159995,0.490333378308719,0.310312160103763,0.801024445249027,0.220917783310824,0.268089149761408,0.416713378183999,0.227714357290665,0.0847169082576329,0.351931283893009,0.374348293676007,0.3072415011261,0.122745133010994,0.419993692224011,0.394158199970775,0.0918702820405315,0.0762282263917768,0.518454299520045,0.152433098651727,0.106124973865008,0.108239271690081
0.114551389243388,0.115017785695613,0.163030445758864,0.234973495455733,0.171931422816897,0.333709578886896,0.226066973664842,0.768955110470756,0.150711273113757,0.136314382656224,0.326344598785681,0.227714357290665,0.0766508550995013,0.305369444144389,0.294838052373052,0.222034074430326,0.100678594778628,0.3234102632141,0.28184513685801,0.070378055039555,0.0497973844729813,0.398030278916849,0.125941688689181,0.0676444904116806,0.108239271690081
0.0793286186604973,0.0801674262706911,0.0917549832880695,0.137596021467402,0.159539145084182,0.332460720229165,0.198636306373032,0.63324806207379,0.12528702034831,0.122459967941381,0.25348414618918,0.187269230355014,0.0496650448111495,0.219227816050648,0.294838052373052,0.181562046108752,0.0765440882973962,0.216029202443224,0.254614074989036,0.0453057666844643,0.0392667865762633,0.309307137327323,0.0843063505806185,0.0355668894281962,0.0816934026736362
0.0573262940495169,0.0443734143190113,0.0773320953875327,0.115944422485427,0.0980273963075433,0.185618046300078,0.121171856894989,0.531081875064046,0.088811324035305,0.0957096366919359,0.188308721492376,0.153274928848191,0.0243028229288029,0.19796629857251,0.192082140631896,0.118364393340016,0.0488955308817367,0.19576773586391,0.173871013853955,0.0275790758074663,0.0242397239508136,0.20610441608062,0.0528428912256231,0.0288130630829073,0.0816934026736362
0.0271665171084123,0.0443734143190113,0.0449427425296562,0.10628719607098,0.072503822573367,0.143756102727821,0.109294805397553,0.32807892724486,0.0597488299056295,0.0765343084977985,0.178226159869155,0.0765444353346538,0.0159097006683169,0.136346678416089,0.141373986757685,0.0864462507081498,0.028580332744923,0.178486179318952,0.123991117506421,0.0224035294551186,0.0140096979890814,0.179043145627361,0.0499668687099302,0.0195967165374213,0.0732454267473486
0.0224078978033049,0.0263533823344915,0.0309345042053337,0.055677371000229,0.0406851445230814,0.106736004830736,0.0717092186700938,0.32807892724486,0.0528386558905822,0.040607919496324,0.109594073999119,0.0765444353346538,0.00869420066044313,0.134408578990474,0.123157779919325,0.0724599876404,0.0203413340794896,0.0790048660682032,0.0858574725928065,0.0180164731119703,0.0114238938919016,0.0917431256793861,0.035106738186073,0.0129860111368316,0.04349864549431
0.0192302562015811,0.0255398308049735,0.0309345042053337,0.031398412320641,0.0298570328590131,0.0800488023863863,0.0467904333067963,0.32807892724486,0.035675879806945,0.0277649924792058,0.0829469744226117,0.0569309377817717,0.00825706211787747,0.0990352675910344,0.115342702422254,0.031878029805398,0.0178256464225797,0.0790048660682032,0.0716459245402348,0.01097284279831,0.00842095173049984,0.0512024730332996,0.027390592281904,0.00962060697645484,0.0313788324451707
0.0138240391593172,0.0149566479666419,0.0198779135679388,0.022974464029744,0.0226166082903774,0.0656248416461267,0.0316772809611621,0.249402900356472,0.0220636618653316,0.0179746214206489,0.0436068563093386,0.0356437618377186,0.003797831210818,0.0612117803967749,0.0834189119555049,0.031878029805398,0.00917386128924136,0.0484631756442013,0.0621306164053976,0.00811083313521976,0.00412154095590722,0.0362776938073921,0.0178550496017351,0.00508125340240895,0.0137433493962362
0.00993484615094076,0.0114171763499371,0.0164020369618356,0.0130239748282293,0.0175807027783321,0.0476795061317716,0.025545505404466,0.172139464583324,0.0146044719112979,0.0148142357168126,0.0436068563093386,0.0347011506794388,0.00260757518208266,0.0423958160389475,0.0476192165990597,0.0249402689755698,0.00529067017237139,0.0288109049553213,0.0295309640334835,0.00513374821059642,0.00321016488260284,0.0362776938073921,0.0142495095204822,0.00348991987118552,0.0137433493962362
0.00809932048571227,0.00767644826703417,0.0106689568796128,0.0130239748282293,0.0119560151318865,0.0387527384087889,0.0132255169222617,0.139964364819093,0.0112881370993136,0.00911662547105152,0.0259095671450496,0.0199917384657056,0.00204287288306659,0.0254453784788211,0.0344357571754017,0.0164750993695861,0.00395878829056073,0.0229094559302894,0.0250872298749982,0.00287429767740832,0.00187441820366985,0.0362776938073921,0.0106499067387631,0.00243583139365455,0.00815877188017566
0.00417837867712478,0.00488532973236033,0.00747627690861918,0.0103556477466782,0.00840885400623392,0.0277533888879589,0.0110454823910686,0.126599843065151,0.0106317227778163,0.00663599463689479,0.0177795679940118,0.0158624328988708,0.00115961444271306,0.0252901999243704,0.0225638385824141,0.0123717325748203,0.00327854630381808,0.0168723458535851,0.0182808701782733,0.00287429767740832,0.00125117733978186,0.0290822870871352,0.00566637822680605,0.00175459543743273,0.00618157933263319
0.00331836431359989,0.0031581313969582,0.00494719421271839,0.00767579158150511,0.00413473369917483,0.0172383127296598,0.006600360219295,0.0606207042600317,0.00819219316520048,0.00384304032309046,0.017117064666877,0.0114065205400493,0.00115559666869558,0.0179491002485292,0.0225638385824141,0.00864418546359502,0.00167941565132423,0.0130232676779087,0.0100333215088995,0.00184209924168499,0.00105163852811074,0.0230284830448682,0.00496574469741518,0.00116143135278435,0.00352231565784678
0.00188127834155694,0.00166754061694974,0.00319164441930297,0.00395570487671648,0.00399768903810127,0.0124544096288446,0.00468739070106494,0.0606207042600317,0.0048755647218286,0.00259035303633937,0.0103019000290487,0.00765027155955522,0.000680169000702335,0.0103414926890082,0.0135968733451364,0.00733169262764477,0.00117331341630234,0.0100039725045917,0.00619453054991936,0.00149054620624156,0.000904731082869148,0.0191465519826579,0.0034279406118003,0.000628768135243263,0.00288117934439924
0.00150309915738944,0.00130280111045522,0.00241228140362182,0.00395570487671648,0.00209412393917319,0.00991832758711553,0.00290824544242696,0.031779453324134,0.00385144920255698,0.00133784395086423,0.0103019000290487,0.00409999877922473,0.000371396398236357,0.00398668981256378,0.0100608339354267,0.00511864764780512,0.000751702400862087,0.00651668626915125,0.00474216007171435,0.000727634438135283,0.000618527861547591,0.0146818895065053,0.00219237637475089,0.000570051079876066,0.00192766030829716
0.00106178878536412,0.000912603271331136,0.00143493736152323,0.00305002807965593,0.00194379273466438,0.0081493199390934,0.00190485890448144,0.0245207831428615,0.00234377083347681,0.00126588988405274,0.00676499286998933,0.00401309698702335,0.000371396398236357,0.00398668981256378,0.00786738759268246,0.00385109179205756,0.00058112595138482,0.0058941629280298,0.00260166742839374,0.000713885681875581,0.000532768716880128,0.00985002247387001,0.00170297489694349,0.000516743000957831,0.00150005704006162
0.000922645378182096,0.000591674335282732,0.00113134460696074,0.00184856734279037,0.00112979633502164,0.00327015625907734,0.0012115371081336,0.0177103207331584,0.0017267675631274,0.000959084270107269,0.00400401701620012,0.00239076644868419,0.000264759229708034,0.00157824521909333,0.00495770417046515,0.00264182165017246,0.000351751379753296,0.00468806142714584,0.00193570318197089,0.000372009187799449,0.00039421461724487,0.00578120008037786,0.000865788294845515,0.000236489157259712,0.000875424282412496
0.000602588334004395,0.000468901012823153,0.000701364923429537,0.00167692626962435,0.00103116648119794,0.00275615604653012,0.000986537366429729,0.013497598322374,0.000792521440985183,0.000778291701180933,0.00301466268683726,0.00239076644868419,0.000199491429043519,0.00157824521909333,0.00348440008929174,0.00235896889216747,0.000293285378347719,0.00338060062517798,0.00193570318197089,0.00025897987575263,0.000306754930193165,0.00389841066532881,0.000845851249096086,0.000207303548563686,0.00057216140271521
0.000462592312828747,0.000243703538103546,0.000384261216595405,0.000850461898721733,0.000847814828830451,0.00153050189612713,0.000612429145917304,0.00797886530858705,0.000689005983986135,0.000482916930195643,0.0019395215882696,0.00166291023333542,0.000150552870650245,0.00135898353528319,0.00123780003980301,0.00130003985316307,0.000171720493426619,0.00178650283203297,0.00111278390306779,0.000206035874953159,0.000206673451089046,0.00365352497613003,0.000441266064967749,0.000135343452257075,0.000387148936056292
0.000462592312828747,0.000189783508403707,0.000355706562345404,0.000629016745506306,0.000454051038900616,0.00153050189612713,0.000533161999896947,0.00646408217903627,0.000385174661801102,0.000450095092560332,0.00166789251784394,0.000996856221149756,0.000103361261949431,0.00106090574752216,0.00113974726605193,0.00130003985316307,0.000122676880778272,0.00122665847175085,0.000714697262537811,0.000148169841281742,8.80288285998176e-05,0.00235486390931783,0.000406553951734168,8.76935949918334e-05,0.000309364803115386
0.000263388089479122,0.000161417314757273,0.000226534251282828,0.000567129784485587,0.000424908810487068,0.000933014852876113,0.000304420970223873,0.00380929663992902,0.000314230188109832,0.000244743886810284,0.000835840341096628,0.000810349129892529,6.63277317016764e-05,0.000563807751746026,0.000604535557613417,0.000950652391679796,8.52754869811179e-05,0.000879124236348616,0.000644737899847314,9.01058689350975e-05,8.11431397096385e-05,0.00185572271561796,0.000206035420660555,6.78513498542088e-05,0.000207398442739759
0.000199920525574271,6.85908303239557e-05,0.000199085255417231,0.000433333307910289,0.000271134668309969,0.000489602077777818,0.000180669415613011,0.00215435050972701,0.000209561951010073,0.000228380648877646,0.00078146901182663,0.000746488342429075,4.82298172528317e-05,0.000525314560491097,0.000604535557613417,0.000774708819562875,7.00236048487568e-05,0.000563843801842268,0.000456002834653191,9.01058689350975e-05,6.81927363075374e-05,0.00159479993021705,0.000182317296207657,5.01668362176133e-05,0.000179404640562097
0.000108550270283558,4.64172845795474e-05,0.000121834995638892,0.000268204306735242,0.000219291059238458,0.000489602077777818,0.000129111242927138,0.00130244849265182,0.000121674697538765,0.000162192552238594,0.000404103365667652,0.00043749962298989,3.12245041413917e-05,0.000363831900017431,0.000415828277709807,0.000444920901941259,4.99955399391183e-05,0.000376201450876579,0.000257890387729276,5.05532793795282e-05,5.00641583585093e-05,0.00076977271078249,0.000110015938048491,2.89581146262208e-05,0.000108760879584224
8.73850189009318e-05,4.15171620034016e-05,7.55574448021434e-05,0.000137520006433078,0.000153378734580656,0.000351644952957031,8.19524764210655e-05,0.00130244849265182,0.000121674697538765,0.00014326253199215,0.000328427085150906,0.000296746063327191,2.26494838670988e-05,0.000206401163836745,0.000231904198926713,0.000444920901941259,3.41651156077205e-05,0.000290303467409103,0.000219705034510298,4.32219029562475e-05,3.55028599869911e-05,0.000700037078217974,0.000110015938048491,2.89581146262208e-05,7.01729246657123e-05
5.0990698014175e-05,2.32949737437593e-05,5.23495549487052e-05,9.80044401330815e-05,8.34007610137633e-05,0.00023953755430739,8.07496641073158e-05,0.00073881099422124,5.61580204703205e-05,8.06516674174418e-05,0.00025380310876244,0.000184704406365199,1.36946987367992e-05,0.000166793134440013,0.000174519247366334,0.00021400127616289,2.67935448619028e-05,0.000185308165100651,0.000138432737571748,1.57249365884127e-05,1.73366507851824e-05,0.000414724043139358,6.18018515297081e-05,1.48843922715969e-05,4.12768800970298e-05
4.66855631202634e-05,1.77698872221299e-05,2.78736423524606e-05,6.84562028254732e-05,7.31428747258178e-05,0.000170728091234196,5.42320237855165e-05,0.000585659383432358,5.2208617148608e-05,7.01718662412532e-05,0.000179689198603228,0.000127270651887557,1.1329971584928e-05,8.87325634266745e-05,0.000139882913572364,0.00021400127616289,1.86420516001817e-05,9.92684571201607e-05,0.000109358895883815,1.57249365884127e-05,1.41282315553326e-05,0.000326594037801442,6.18018515297081e-05,1.14892254714505e-05,3.0276204142865e-05
3.79173192186499e-05,1.16183407499193e-05,2.27049278009872e-05,3.09839658712008e-05,4.60733200497998e-05,9.44337510873083e-05,3.40085657626332e-05,0.000416096380263298,1.84702502110667e-05,5.06625320895182e-05,9.33305516355176e-05,8.88446737690174e-05,8.03570571861201e-06,5.9038783433607e-05,9.08706059590259e-05,0.000144274239687547,1.46841819059773e-05,7.37594906468075e-05,7.40005359602947e-05,1.42186371476782e-05,7.244862558764e-06,0.000209109674301544,3.82061941763823e-05,7.53430356326135e-06,2.37882560440994e-05
2.01827257342302e-05,7.76124136336875e-06,2.09200792369302e-05,3.09839658712008e-05,4.60733200497998e-05,8.59297082342891e-05,1.83378734845974e-05,0.000231009017625183,1.84702502110667e-05,3.99036371163675e-05,9.33305516355176e-05,5.60184262212715e-05,5.82791039960284e-06,5.31391181084473e-05,6.68652112381096e-05,9.40530819661944e-05,8.75082275797467e-06,5.92207597946981e-05,6.03184628289455e-05,1.09955516336413e-05,5.87558383813302e-06,0.000157666833842995,3.03825457876883e-05,6.97780603786669e-06,1.95099740949445e-05
1.4638737752648e-05,4.61814079244505e-06,1.24294538181857e-05,3.09839658712008e-05,2.51516228217952e-05,5.09540167286104e-05,1.70485683383959e-05,0.000150787793359086,1.24631187645718e-05,2.04381475441551e-05,7.62633865178941e-05,4.2021372223644e-05,4.99031148137874e-06,2.44403436227003e-05,3.4106241741938e-05,5.89969222346554e-05,6.81785365941323e-06,3.76641306729653e-05,3.20951705816697e-05,7.15330656930746e-06,3.93408129184536e-06,9.84082287232013e-05,1.83280922101403e-05,4.77158596368099e-06,1.26470789609812e-05
7.61587853048695e-06,2.95356915103184e-06,8.65446224906918e-06,2.63010073240366e-05,2.16219179947075e-05,3.19634366405808e-05,1.08848228137504e-05,0.000150787793359086,1.04301683450103e-05,2.04381475441551e-05,3.73766878283277e-05,2.2507676362693e-05,4.22718221670948e-06,2.44403436227003e-05,2.48782697553906e-05,2.45849066686787e-05,3.53303698830132e-06,2.6388570859126e-05,1.96446728750743e-05,4.92636274884717e-06,2.77058211395342e-06,7.26808875697316e-05,9.17198542538245e-06,4.68755001747923e-06,1.02795228258401e-05
5.88675641211012e-06,2.14340491311305e-06,5.35664491962962e-06,2.30454887741871e-05,1.70190960488981e-05,1.63511519986059e-05,8.5919173216098e-06,8.09100248488903e-05,5.58945316697645e-06,1.66039209261726e-05,3.73766878283277e-05,1.90697231801096e-05,2.65741994098789e-06,1.46682759805117e-05,1.89472103784283e-05,2.21521769390165e-05,1.7397111378159e-06,1.61023807550009e-05,1.26220544416356e-05,2.56880628057843e-06,1.98562986497564e-06,4.52461258646508e-05,6.16788190654916e-06,2.29871830015327e-06,7.95222706528875e-06
3.53573773281823e-06,1.28973067603511e-06,3.30904765633022e-06,1.54073615021844e-05,1.61306526251792e-05,1.19792656505524e-05,6.04135379944637e-06,3.85627955665768e-05,5.58945316697645e-06,1.34802380671317e-05,1.89656464044674e-05,1.45218228908561e-05,1.68243366260867e-06,1.1729179732356e-05,1.06805993027592e-05,1.98049862092375e-05,1.51805306813912e-06,8.37558536659344e-06,7.56784118038922e-06,2.14739395687502e-06,1.73193564023677e-06,2.37776945368751e-05,4.40074870766693e-06,1.61492323513812e-06,5.78794811190164e-06
3.14695080305682e-06,7.66574430599576e-07,2.22842891162145e-06,9.6289328439525e-06,9.59545684509067e-06,8.71699899107625e-06,2.33280798056512e-06,3.85627955665768e-05,2.38320365042455e-06,8.36641800106008e-06,1.40025837254143e-05,9.70909559327993e-06,1.26142072076618e-06,7.35813068786229e-06,7.470718969671e-06,1.09825843992439e-05,1.21523260077083e-06,4.79068171443942e-06,4.87697661810671e-06,1.10714495349384e-06,1.07427365492185e-06,1.18089134275579e-05,3.02993441891886e-06,8.3935947259306e-07,3.00931651509018e-06
2.17061392504547e-06,4.17005594499642e-07,1.97467500129278e-06,8.69147572757356e-06,5.25216478308721e-06,4.9671867827783e-06,2.17289152715239e-06,2.31090480156126e-05,2.38320365042455e-06,7.28419627193944e-06,8.3011832430202e-06,7.30940098492283e-06,1.02812464319868e-06,5.57241264687036e-06,5.18250089953654e-06,8.45764475343458e-06,8.92579123501491e-07,4.44512818376097e-06,4.32545220974134e-06,8.0921256540023e-07,8.99728547665291e-07,1.18089134275579e-05,2.57895783306594e-06,8.3935947259306e-07,2.55866120824066e-06
1.44733974138944e-06,3.19436708196008e-07,1.36293306240987e-06,5.37481196261069e-06,3.76052923911629e-06,2.88905948764295e-06,7.96974063632661e-07,1.20320596579404e-05,1.65874632784835e-06,3.85131852453924e-06,6.6833978280556e-06,4.33768627772224e-06,6.47885258331371e-07,3.37600283728534e-06,3.31043111145846e-06,4.32498609370668e-06,4.98215058541973e-07,2.68663404767722e-06,2.83443762327806e-06,4.17547994402412e-07,4.18503532273462e-07,9.58167663611675e-06,1.3305148058862e-06,5.99045733906678e-07,1.46748323004431e-06
8.68284018906706e-07,1.73471789821633e-07,1.03926117844821e-06,3.85033172278781e-06,1.976049361474e-06,2.4254418349301e-06,6.56806264487386e-07,1.07165849385638e-05,9.35818434300018e-07,2.62429250597052e-06,6.51565324005787e-06,3.19966534334526e-06,2.68866415353841e-07,2.47430784838798e-06,2.55427710271761e-06,3.71179908142949e-06,3.40346787197632e-07,2.47591071911302e-06,1.98109160010063e-06,2.87419084088469e-07,2.75082243206271e-07,7.52431321870972e-06,1.12990687739511e-06,4.37867470282072e-07,1.36480878154543e-06
6.04748947807821e-07,1.09673578663205e-07,4.67780864710221e-07,2.22998698973242e-06,1.976049361474e-06,1.5947705378494e-06,3.31222281602095e-07,8.57426812217454e-06,9.35818434300018e-07,2.62429250597052e-06,3.18904176310753e-06,2.61234413301281e-06,2.68866415353841e-07,1.31548790704983e-06,1.84810198788909e-06,2.22838593799679e-06,2.20027914110688e-07,1.0348886689826e-06,1.23235588489479e-06,2.00850308829104e-07,2.04551270144293e-07,5.10539098286245e-06,5.81082872486149e-07,2.79075720754918e-07,7.98276573732437e-07
4.50399852525152e-07,1.09673578663205e-07,4.65964035356592e-07,1.9058468296862e-06,1.59062869897753e-06,1.13204646368104e-06,2.76886112260399e-07,6.21492404206947e-06,7.89927071309648e-07,2.06711570172047e-06,2.21301274905272e-06,2.15118234336842e-06,1.8012485725194e-07,1.31548790704983e-06,1.38390385018283e-06,1.95273628378345e-06,1.68201268024859e-07,9.56358007897506e-07,6.94258574185369e-07,1.38674522531801e-07,1.5261957742041e-07,3.33821924414224e-06,3.51212975147064e-07,1.43545207720308e-07,4.7546222958772e-07
3.18313595926156e-07,9.75204557107645e-08,3.83841438633681e-07,1.02922047062748e-06,9.04831381376425e-07,6.75845740261138e-07,1.76696175913094e-07,3.58733416305768e-06,5.64795527679962e-07,9.6373275937367e-07,1.46850686633115e-06,1.57240299358818e-06,1.09905954559508e-07,8.72613782121334e-07,8.26762970973505e-07,1.06698598756338e-06,1.11004737846088e-07,5.47897229807859e-07,3.73552666133037e-07,8.65355787027511e-08,7.5688603828894e-08,2.98612258120556e-06,2.93775769932836e-07,1.43545207720308e-07,2.94291453428741e-07
2.33784362535516e-07,5.71920963921002e-08,2.75112029157754e-07,8.6060003923194e-07,6.68546249471547e-07,4.87187548969814e-07,1.30067633108411e-07,2.28981343752821e-06,4.20271931034222e-07,9.1854110451095e-07,8.95058292371687e-07,8.76742433320032e-07,7.47363628761377e-08,6.3189747834258e-07,5.76089973947091e-07,7.49672153688152e-07,8.23474692879245e-08,3.56700184056535e-07,2.76980927083059e-07,6.31090415481594e-08,3.80977098757285e-08,2.15055786156881e-06,1.92125071407645e-07,1.43545207720308e-07,1.56546661855828e-07
1.71736246556975e-07,4.2131091504416e-08,1.92504671758797e-07,4.49966250926082e-07,3.2567186281085e-07,3.5875473258784e-07,7.26320195099106e-08,1.64644904998568e-06,3.32902004629432e-07,4.45484261035745e-07,7.3215755946876e-07,6.68980646878481e-07,5.53671952729928e-08,4.90683873977105e-07,5.26932581124129e-07,4.73636418973911e-07,4.89607145937043e-08,2.61424929703935e-07,2.02458636522351e-07,4.98916961078066e-08,3.80977098757285e-08,1.41913608331379e-06,1.28810029309534e-07,9.311668236478e-08,1.19658807307133e-07
1.13243800115015e-07,3.69300323654898e-08,1.47325636135065e-07,2.94080564344767e-07,2.70549435299472e-07,2.236379259557e-07,6.16844317846699e-08,1.01054035894776e-06,1.95627535504173e-07,3.92605215893127e-07,4.51669393441989e-07,3.8677251268382e-07,2.71760427494883e-08,2.849017164408e-07,3.8195184970391e-07,4.27430336458201e-07,3.46991555488785e-08,1.87799400919175e-07,1.59706360136624e-07,3.66663925888133e-08,2.58069121628068e-08,1.0531175576034e-06,6.949346698093e-08,5.15087776875589e-08,9.46843101701234e-08
5.74100340600125e-08,2.26967813432566e-08,8.1398980000813e-08,2.1642267711286e-07,1.69022086993209e-07,1.29144609672949e-07,3.91158891943633e-08,7.75178023104672e-07,1.89830984709261e-07,2.35226139011502e-07,3.48743128597562e-07,2.87476495941519e-07,2.39338078245055e-08,1.98773591364443e-07,2.48447236117499e-07,2.55344048127881e-07,2.06015329240472e-08,1.16184082799009e-07,8.49925072543556e-08,1.81765926754451e-08,1.48945673572598e-08,6.23483970230154e-07,4.96036136610201e-08,3.49519950759714e-08,5.07756112710922e-08
5.74100340600125e-08,1.61637672135839e-08,5.0842686505348e-08,1.77153083313897e-07,1.12132283902611e-07,1.10339556158578e-07,3.52534925696091e-08,5.39435632163077e-07,1.06850961856253e-07,1.22727556117752e-07,2.80501240013109e-07,1.83818769983191e-07,1.75318746187259e-08,1.31660613078566e-07,1.41448708745884e-07,1.32300328914425e-07,1.52001575770555e-08,4.99750285598566e-08,6.94094524078537e-08,1.81765926754451e-08,1.18999423648347e-08,4.97065457238932e-07,3.83309952667332e-08,2.78695324595901e-08,5.03300725540612e-08
3.63538674719166e-08,1.03535739981453e-08,4.05618720833445e-08,1.45006652019219e-07,9.56696339926566e-08,6.24866061116336e-08,2.61284185398836e-08,3.5789400953945e-07,6.15236785961315e-08,8.26236146167503e-08,1.94454514712561e-07,1.14588488031586e-07,1.05958406493301e-08,7.80072468842263e-08,1.12326461021439e-07,7.51672359911026e-08,1.05194430943811e-08,3.94121570934658e-08,5.04832087244722e-08,0,0,3.04273726214888e-07,2.00766407942865e-08,1.55590669237426e-08,2.78741936199367e-08
2.82917653748882e-08,0,4.05618720833445e-08,1.03346110336133e-07,6.04979959462071e-08,5.26541725776042e-08,1.42522367241327e-08,3.33056959789246e-07,6.04541128268465e-08,8.26236146167503e-08,1.18399952953041e-07,8.92983962330618e-08,0,5.71870941712405e-08,8.83786697158939e-08,6.98623807693366e-08,0,3.94121570934658e-08,4.20207015849883e-08,0,0,2.2293886559055e-07,1.80132246896392e-08,1.35971731651807e-08,2.04978505280451e-08
1.66728568729013e-08,0,3.20335402648197e-08,7.49962509871693e-08,4.04439788326272e-08,5.07116055814549e-08,0,2.25249891627755e-07,2.9219677344372e-08,5.58843566977885e-08,7.19953732186696e-08,4.90238107886398e-08,0,3.58998022420565e-08,8.83786697158939e-08,3.02566149912309e-08,0,2.66747974819737e-08,2.96515736408764e-08,0,0,1.0647886483639e-07,0,0,1.12457883005845e-08
1.17217950901249e-08,0,2.28884573516552e-08,6.33207264399971e-08,2.67305040324572e-08,4.24111021857243e-08,0,1.78517211679718e-07,2.77249228020082e-08,3.85809926228831e-08,5.79011611989699e-08,4.61449189970153e-08,0,3.16571231451235e-08,6.98662461218191e-08,3.02566149912309e-08,0,2.21980371861719e-08,1.85161752597196e-08,0,0,8.96975507203024e-08,0,0,0
1.02696731119067e-08,0,1.54416284203762e-08,2.88220007860218e-08,1.84567170435912e-08,2.05631067728973e-08,0,1.00024976745772e-07,1.64591256179847e-08,2.35684183280682e-08,2.52099425779306e-08,3.43894726029248e-08,0,1.74002252606442e-08,5.66947164770681e-08,2.00786871573655e-08,0,0,1.29598447529133e-08,0,0,5.4144038585946e-08,0,0,0
0,0,0,2.88220007860218e-08,1.30519310914678e-08,1.70758767126244e-08,0,7.54838538341573e-08,1.08003632703912e-08,1.53655719259405e-08,1.30346506921342e-08,1.92554807654233e-08,0,1.25473889056593e-08,3.44130057783332e-08,1.48371555042104e-08,0,0,1.23990275824326e-08,0,0,5.0529024520074e-08,0,0,0
0,0,0,2.05899368665996e-08,1.16619958134834e-08,0,0,5.31319983565481e-08,0,1.23859535960946e-08,1.06037987279706e-08,1.29392674352857e-08,0,1.03976844911813e-08,2.04886418941896e-08,0,0,0,0,0,0,1.94256699614925e-08,0,0,0
0,0,0,1.7385218598065e-08,0,0,0,2.70091504717129e-08,0,0,0,1.23927748063579e-08,0,0,1.31437900563469e-08,0,0,0,0,0,0,1.73456555785378e-08,0,0,0
0,0,0,0,0,0,0,1.62183368956903e-08,0,0,0,0,0,0,0,0,0,0,0,0,0,1.30272610476823e-08,0,0,0
0,0,0,0,0,0,0,1.20055574370781e-08,0,0,0,0,0,0,0,0,0,0,0,0,0,0,0,0,0
0,0,0,0,0,0,0,0,0,0,0,0,0,0,0,0,0,0,0,0,0,0,0,0,0
0,0,0,0,0,0,0,0,0,0,0,0,0,0,0,0,0,0,0,0,0,0,0,0,0
0,0,0,0,0,0,0,0,0,0,0,0,0,0,0,0,0,0,0,0,0,0,0,0,0
0,0,0,0,0,0,0,0,0,0,0,0,0,0,0,0,0,0,0,0,0,0,0,0,0
0,0,0,0,0,0,0,0,0,0,0,0,0,0,0,0,0,0,0,0,0,0,0,0,0
0,0,0,0,0,0,0,0,0,0,0,0,0,0,0,0,0,0,0,0,0,0,0,0,0
0,0,0,0,0,0,0,0,0,0,0,0,0,0,0,0,0,0,0,0,0,0,0,0,0
0,0,0,0,0,0,0,0,0,0,0,0,0,0,0,0,0,0,0,0,0,0,0,0,0
0,0,0,0,0,0,0,0,0,0,0,0,0,0,0,0,0,0,0,0,0,0,0,0,0
0,0,0,0,0,0,0,0,0,0,0,0,0,0,0,0,0,0,0,0,0,0,0,0,0
0,0,0,0,0,0,0,0,0,0,0,0,0,0,0,0,0,0,0,0,0,0,0,0,0
0,0,0,0,0,0,0,0,0,0,0,0,0,0,0,0,0,0,0,0,0,0,0,0,0
0,0,0,0,0,0,0,0,0,0,0,0,0,0,0,0,0,0,0,0,0,0,0,0,0
0,0,0,0,0,0,0,0,0,0,0,0,0,0,0,0,0,0,0,0,0,0,0,0,0
0,0,0,0,0,0,0,0,0,0,0,0,0,0,0,0,0,0,0,0,0,0,0,0,0
0,0,0,0,0,0,0,0,0,0,0,0,0,0,0,0,0,0,0,0,0,0,0,0,0
0,0,0,0,0,0,0,0,0,0,0,0,0,0,0,0,0,0,0,0,0,0,0,0,0
0,0,0,0,0,0,0,0,0,0,0,0,0,0,0,0,0,0,0,0,0,0,0,0,0
0,0,0,0,0,0,0,0,0,0,0,0,0,0,0,0,0,0,0,0,0,0,0,0,0
0,0,0,0,0,0,0,0,0,0,0,0,0,0,0,0,0,0,0,0,0,0,0,0,0
0,0,0,0,0,0,0,0,0,0,0,0,0,0,0,0,0,0,0,0,0,0,0,0,0
0,0,0,0,0,0,0,0,0,0,0,0,0,0,0,0,0,0,0,0,0,0,0,0,0
0,0,0,0,0,0,0,0,0,0,0,0,0,0,0,0,0,0,0,0,0,0,0,0,0
0,0,0,0,0,0,0,0,0,0,0,0,0,0,0,0,0,0,0,0,0,0,0,0,0
0,0,0,0,0,0,0,0,0,0,0,0,0,0,0,0,0,0,0,0,0,0,0,0,0
0,0,0,0,0,0,0,0,0,0,0,0,0,0,0,0,0,0,0,0,0,0,0,0,0
0,0,0,0,0,0,0,0,0,0,0,0,0,0,0,0,0,0,0,0,0,0,0,0,0
0,0,0,0,0,0,0,0,0,0,0,0,0,0,0,0,0,0,0,0,0,0,0,0,0
0,0,0,0,0,0,0,0,0,0,0,0,0,0,0,0,0,0,0,0,0,0,0,0,0
0,0,0,0,0,0,0,0,0,0,0,0,0,0,0,0,0,0,0,0,0,0,0,0,0
0,0,0,0,0,0,0,0,0,0,0,0,0,0,0,0,0,0,0,0,0,0,0,0,0
0,0,0,0,0,0,0,0,0,0,0,0,0,0,0,0,0,0,0,0,0,0,0,0,0
0,0,0,0,0,0,0,0,0,0,0,0,0,0,0,0,0,0,0,0,0,0,0,0,0
0,0,0,0,0,0,0,0,0,0,0,0,0,0,0,0,0,0,0,0,0,0,0,0,0
0,0,0,0,0,0,0,0,0,0,0,0,0,0,0,0,0,0,0,0,0,0,0,0,0
0,0,0,0,0,0,0,0,0,0,0,0,0,0,0,0,0,0,0,0,0,0,0,0,0
0,0,0,0,0,0,0,0,0,0,0,0,0,0,0,0,0,0,0,0,0,0,0,0,0
0,0,0,0,0,0,0,0,0,0,0,0,0,0,0,0,0,0,0,0,0,0,0,0,0
0,0,0,0,0,0,0,0,0,0,0,0,0,0,0,0,0,0,0,0,0,0,0,0,0
0,0,0,0,0,0,0,0,0,0,0,0,0,0,0,0,0,0,0,0,0,0,0,0,0
0,0,0,0,0,0,0,0,0,0,0,0,0,0,0,0,0,0,0,0,0,0,0,0,0
0,0,0,0,0,0,0,0,0,0,0,0,0,0,0,0,0,0,0,0,0,0,0,0,0
0,0,0,0,0,0,0,0,0,0,0,0,0,0,0,0,0,0,0,0,0,0,0,0,0
0,0,0,0,0,0,0,0,0,0,0,0,0,0,0,0,0,0,0,0,0,0,0,0,0
0,0,0,0,0,0,0,0,0,0,0,0,0,0,0,0,0,0,0,0,0,0,0,0,0
0,0,0,0,0,0,0,0,0,0,0,0,0,0,0,0,0,0,0,0,0,0,0,0,0
0,0,0,0,0,0,0,0,0,0,0,0,0,0,0,0,0,0,0,0,0,0,0,0,0
0,0,0,0,0,0,0,0,0,0,0,0,0,0,0,0,0,0,0,0,0,0,0,0,0
0,0,0,0,0,0,0,0,0,0,0,0,0,0,0,0,0,0,0,0,0,0,0,0,0
0,0,0,0,0,0,0,0,0,0,0,0,0,0,0,0,0,0,0,0,0,0,0,0,0
0,0,0,0,0,0,0,0,0,0,0,0,0,0,0,0,0,0,0,0,0,0,0,0,0
0,0,0,0,0,0,0,0,0,0,0,0,0,0,0,0,0,0,0,0,0,0,0,0,0
0,0,0,0,0,0,0,0,0,0,0,0,0,0,0,0,0,0,0,0,0,0,0,0,0
0,0,0,0,0,0,0,0,0,0,0,0,0,0,0,0,0,0,0,0,0,0,0,0,0
0,0,0,0,0,0,0,0,0,0,0,0,0,0,0,0,0,0,0,0,0,0,0,0,0
0,0,0,0,0,0,0,0,0,0,0,0,0,0,0,0,0,0,0,0,0,0,0,0,0
0,0,0,0,0,0,0,0,0,0,0,0,0,0,0,0,0,0,0,0,0,0,0,0,0
0,0,0,0,0,0,0,0,0,0,0,0,0,0,0,0,0,0,0,0,0,0,0,0,0
0,0,0,0,0,0,0,0,0,0,0,0,0,0,0,0,0,0,0,0,0,0,0,0,0
0,0,0,0,0,0,0,0,0,0,0,0,0,0,0,0,0,0,0,0,0,0,0,0,0
0,0,0,0,0,0,0,0,0,0,0,0,0,0,0,0,0,0,0,0,0,0,0,0,0
0,0,0,0,0,0,0,0,0,0,0,0,0,0,0,0,0,0,0,0,0,0,0,0,0
0,0,0,0,0,0,0,0,0,0,0,0,0,0,0,0,0,0,0,0,0,0,0,0,0
0,0,0,0,0,0,0,0,0,0,0,0,0,0,0,0,0,0,0,0,0,0,0,0,0
0,0,0,0,0,0,0,0,0,0,0,0,0,0,0,0,0,0,0,0,0,0,0,0,0
0,0,0,0,0,0,0,0,0,0,0,0,0,0,0,0,0,0,0,0,0,0,0,0,0
0,0,0,0,0,0,0,0,0,0,0,0,0,0,0,0,0,0,0,0,0,0,0,0,0
0,0,0,0,0,0,0,0,0,0,0,0,0,0,0,0,0,0,0,0,0,0,0,0,0
0,0,0,0,0,0,0,0,0,0,0,0,0,0,0,0,0,0,0,0,0,0,0,0,0
0,0,0,0,0,0,0,0,0,0,0,0,0,0,0,0,0,0,0,0,0,0,0,0,0
0,0,0,0,0,0,0,0,0,0,0,0,0,0,0,0,0,0,0,0,0,0,0,0,0
0,0,0,0,0,0,0,0,0,0,0,0,0,0,0,0,0,0,0,0,0,0,0,0,0
0,0,0,0,0,0,0,0,0,0,0,0,0,0,0,0,0,0,0,0,0,0,0,0,0
0,0,0,0,0,0,0,0,0,0,0,0,0,0,0,0,0,0,0,0,0,0,0,0,0
0,0,0,0,0,0,0,0,0,0,0,0,0,0,0,0,0,0,0,0,0,0,0,0,0
0,0,0,0,0,0,0,0,0,0,0,0,0,0,0,0,0,0,0,0,0,0,0,0,0
0,0,0,0,0,0,0,0,0,0,0,0,0,0,0,0,0,0,0,0,0,0,0,0,0
0,0,0,0,0,0,0,0,0,0,0,0,0,0,0,0,0,0,0,0,0,0,0,0,0
0,0,0,0,0,0,0,0,0,0,0,0,0,0,0,0,0,0,0,0,0,0,0,0,0
0,0,0,0,0,0,0,0,0,0,0,0,0,0,0,0,0,0,0,0,0,0,0,0,0
0,0,0,0,0,0,0,0,0,0,0,0,0,0,0,0,0,0,0,0,0,0,0,0,0
0,0,0,0,0,0,0,0,0,0,0,0,0,0,0,0,0,0,0,0,0,0,0,0,0
0,0,0,0,0,0,0,0,0,0,0,0,0,0,0,0,0,0,0,0,0,0,0,0,0
0,0,0,0,0,0,0,0,0,0,0,0,0,0,0,0,0,0,0,0,0,0,0,0,0
0,0,0,0,0,0,0,0,0,0,0,0,0,0,0,0,0,0,0,0,0,0,0,0,0
0,0,0,0,0,0,0,0,0,0,0,0,0,0,0,0,0,0,0,0,0,0,0,0,0
0,0,0,0,0,0,0,0,0,0,0,0,0,0,0,0,0,0,0,0,0,0,0,0,0
0,0,0,0,0,0,0,0,0,0,0,0,0,0,0,0,0,0,0,0,0,0,0,0,0
0,0,0,0,0,0,0,0,0,0,0,0,0,0,0,0,0,0,0,0,0,0,0,0,0
0,0,0,0,0,0,0,0,0,0,0,0,0,0,0,0,0,0,0,0,0,0,0,0,0
0,0,0,0,0,0,0,0,0,0,0,0,0,0,0,0,0,0,0,0,0,0,0,0,0
0,0,0,0,0,0,0,0,0,0,0,0,0,0,0,0,0,0,0,0,0,0,0,0,0
0,0,0,0,0,0,0,0,0,0,0,0,0,0,0,0,0,0,0,0,0,0,0,0,0
0,0,0,0,0,0,0,0,0,0,0,0,0,0,0,0,0,0,0,0,0,0,0,0,0
0,0,0,0,0,0,0,0,0,0,0,0,0,0,0,0,0,0,0,0,0,0,0,0,0
0,0,0,0,0,0,0,0,0,0,0,0,0,0,0,0,0,0,0,0,0,0,0,0,0
0,0,0,0,0,0,0,0,0,0,0,0,0,0,0,0,0,0,0,0,0,0,0,0,0
0,0,0,0,0,0,0,0,0,0,0,0,0,0,0,0,0,0,0,0,0,0,0,0,0
0,0,0,0,0,0,0,0,0,0,0,0,0,0,0,0,0,0,0,0,0,0,0,0,0
0,0,0,0,0,0,0,0,0,0,0,0,0,0,0,0,0,0,0,0,0,0,0,0,0
0,0,0,0,0,0,0,0,0,0,0,0,0,0,0,0,0,0,0,0,0,0,0,0,0
0,0,0,0,0,0,0,0,0,0,0,0,0,0,0,0,0,0,0,0,0,0,0,0,0
0,0,0,0,0,0,0,0,0,0,0,0,0,0,0,0,0,0,0,0,0,0,0,0,0
0,0,0,0,0,0,0,0,0,0,0,0,0,0,0,0,0,0,0,0,0,0,0,0,0
0,0,0,0,0,0,0,0,0,0,0,0,0,0,0,0,0,0,0,0,0,0,0,0,0
0,0,0,0,0,0,0,0,0,0,0,0,0,0,0,0,0,0,0,0,0,0,0,0,0
0,0,0,0,0,0,0,0,0,0,0,0,0,0,0,0,0,0,0,0,0,0,0,0,0
0,0,0,0,0,0,0,0,0,0,0,0,0,0,0,0,0,0,0,0,0,0,0,0,0
0,0,0,0,0,0,0,0,0,0,0,0,0,0,0,0,0,0,0,0,0,0,0,0,0
0,0,0,0,0,0,0,0,0,0,0,0,0,0,0,0,0,0,0,0,0,0,0,0,0
0,0,0,0,0,0,0,0,0,0,0,0,0,0,0,0,0,0,0,0,0,0,0,0,0
0,0,0,0,0,0,0,0,0,0,0,0,0,0,0,0,0,0,0,0,0,0,0,0,0
0,0,0,0,0,0,0,0,0,0,0,0,0,0,0,0,0,0,0,0,0,0,0,0,0
0,0,0,0,0,0,0,0,0,0,0,0,0,0,0,0,0,0,0,0,0,0,0,0,0
0,0,0,0,0,0,0,0,0,0,0,0,0,0,0,0,0,0,0,0,0,0,0,0,0
0,0,0,0,0,0,0,0,0,0,0,0,0,0,0,0,0,0,0,0,0,0,0,0,0
0,0,0,0,0,0,0,0,0,0,0,0,0,0,0,0,0,0,0,0,0,0,0,0,0
0,0,0,0,0,0,0,0,0,0,0,0,0,0,0,0,0,0,0,0,0,0,0,0,0
0,0,0,0,0,0,0,0,0,0,0,0,0,0,0,0,0,0,0,0,0,0,0,0,0
0,0,0,0,0,0,0,0,0,0,0,0,0,0,0,0,0,0,0,0,0,0,0,0,0
0,0,0,0,0,0,0,0,0,0,0,0,0,0,0,0,0,0,0,0,0,0,0,0,0
0,0,0,0,0,0,0,0,0,0,0,0,0,0,0,0,0,0,0,0,0,0,0,0,0
0,0,0,0,0,0,0,0,0,0,0,0,0,0,0,0,0,0,0,0,0,0,0,0,0
0,0,0,0,0,0,0,0,0,0,0,0,0,0,0,0,0,0,0,0,0,0,0,0,0
0,0,0,0,0,0,0,0,0,0,0,0,0,0,0,0,0,0,0,0,0,0,0,0,0
0,0,0,0,0,0,0,0,0,0,0,0,0,0,0,0,0,0,0,0,0,0,0,0,0
0,0,0,0,0,0,0,0,0,0,0,0,0,0,0,0,0,0,0,0,0,0,0,0,0
0,0,0,0,0,0,0,0,0,0,0,0,0,0,0,0,0,0,0,0,0,0,0,0,0
0,0,0,0,0,0,0,0,0,0,0,0,0,0,0,0,0,0,0,0,0,0,0,0,0
0,0,0,0,0,0,0,0,0,0,0,0,0,0,0,0,0,0,0,0,0,0,0,0,0
0,0,0,0,0,0,0,0,0,0,0,0,0,0,0,0,0,0,0,0,0,0,0,0,0
0,0,0,0,0,0,0,0,0,0,0,0,0,0,0,0,0,0,0,0,0,0,0,0,0
0,0,0,0,0,0,0,0,0,0,0,0,0,0,0,0,0,0,0,0,0,0,0,0,0
0,0,0,0,0,0,0,0,0,0,0,0,0,0,0,0,0,0,0,0,0,0,0,0,0
0,0,0,0,0,0,0,0,0,0,0,0,0,0,0,0,0,0,0,0,0,0,0,0,0
0,0,0,0,0,0,0,0,0,0,0,0,0,0,0,0,0,0,0,0,0,0,0,0,0
0,0,0,0,0,0,0,0,0,0,0,0,0,0,0,0,0,0,0,0,0,0,0,0,0
0,0,0,0,0,0,0,0,0,0,0,0,0,0,0,0,0,0,0,0,0,0,0,0,0
0,0,0,0,0,0,0,0,0,0,0,0,0,0,0,0,0,0,0,0,0,0,0,0,0
0,0,0,0,0,0,0,0,0,0,0,0,0,0,0,0,0,0,0,0,0,0,0,0,0
0,0,0,0,0,0,0,0,0,0,0,0,0,0,0,0,0,0,0,0,0,0,0,0,0
0,0,0,0,0,0,0,0,0,0,0,0,0,0,0,0,0,0,0,0,0,0,0,0,0
0,0,0,0,0,0,0,0,0,0,0,0,0,0,0,0,0,0,0,0,0,0,0,0,0
0,0,0,0,0,0,0,0,0,0,0,0,0,0,0,0,0,0,0,0,0,0,0,0,0
0,0,0,0,0,0,0,0,0,0,0,0,0,0,0,0,0,0,0,0,0,0,0,0,0
0,0,0,0,0,0,0,0,0,0,0,0,0,0,0,0,0,0,0,0,0,0,0,0,0
0,0,0,0,0,0,0,0,0,0,0,0,0,0,0,0,0,0,0,0,0,0,0,0,0
0,0,0,0,0,0,0,0,0,0,0,0,0,0,0,0,0,0,0,0,0,0,0,0,0
0,0,0,0,0,0,0,0,0,0,0,0,0,0,0,0,0,0,0,0,0,0,0,0,0
0,0,0,0,0,0,0,0,0,0,0,0,0,0,0,0,0,0,0,0,0,0,0,0,0
0,0,0,0,0,0,0,0,0,0,0,0,0,0,0,0,0,0,0,0,0,0,0,0,0
0,0,0,0,0,0,0,0,0,0,0,0,0,0,0,0,0,0,0,0,0,0,0,0,0
0,0,0,0,0,0,0,0,0,0,0,0,0,0,0,0,0,0,0,0,0,0,0,0,0
0,0,0,0,0,0,0,0,0,0,0,0,0,0,0,0,0,0,0,0,0,0,0,0,0
0,0,0,0,0,0,0,0,0,0,0,0,0,0,0,0,0,0,0,0,0,0,0,0,0
0,0,0,0,0,0,0,0,0,0,0,0,0,0,0,0,0,0,0,0,0,0,0,0,0
0,0,0,0,0,0,0,0,0,0,0,0,0,0,0,0,0,0,0,0,0,0,0,0,0
0,0,0,0,0,0,0,0,0,0,0,0,0,0,0,0,0,0,0,0,0,0,0,0,0
0,0,0,0,0,0,0,0,0,0,0,0,0,0,0,0,0,0,0,0,0,0,0,0,0
0,0,0,0,0,0,0,0,0,0,0,0,0,0,0,0,0,0,0,0,0,0,0,0,0
0,0,0,0,0,0,0,0,0,0,0,0,0,0,0,0,0,0,0,0,0,0,0,0,0
0,0,0,0,0,0,0,0,0,0,0,0,0,0,0,0,0,0,0,0,0,0,0,0,0
0,0,0,0,0,0,0,0,0,0,0,0,0,0,0,0,0,0,0,0,0,0,0,0,0
0,0,0,0,0,0,0,0,0,0,0,0,0,0,0,0,0,0,0,0,0,0,0,0,0
0,0,0,0,0,0,0,0,0,0,0,0,0,0,0,0,0,0,0,0,0,0,0,0,0
0,0,0,0,0,0,0,0,0,0,0,0,0,0,0,0,0,0,0,0,0,0,0,0,0
0,0,0,0,0,0,0,0,0,0,0,0,0,0,0,0,0,0,0,0,0,0,0,0,0
0,0,0,0,0,0,0,0,0,0,0,0,0,0,0,0,0,0,0,0,0,0,0,0,0
0,0,0,0,0,0,0,0,0,0,0,0,0,0,0,0,0,0,0,0,0,0,0,0,0
0,0,0,0,0,0,0,0,0,0,0,0,0,0,0,0,0,0,0,0,0,0,0,0,0
0,0,0,0,0,0,0,0,0,0,0,0,0,0,0,0,0,0,0,0,0,0,0,0,0
0,0,0,0,0,0,0,0,0,0,0,0,0,0,0,0,0,0,0,0,0,0,0,0,0
0,0,0,0,0,0,0,0,0,0,0,0,0,0,0,0,0,0,0,0,0,0,0,0,0
0,0,0,0,0,0,0,0,0,0,0,0,0,0,0,0,0,0,0,0,0,0,0,0,0
0,0,0,0,0,0,0,0,0,0,0,0,0,0,0,0,0,0,0,0,0,0,0,0,0
0,0,0,0,0,0,0,0,0,0,0,0,0,0,0,0,0,0,0,0,0,0,0,0,0
0,0,0,0,0,0,0,0,0,0,0,0,0,0,0,0,0,0,0,0,0,0,0,0,0
0,0,0,0,0,0,0,0,0,0,0,0,0,0,0,0,0,0,0,0,0,0,0,0,0
0,0,0,0,0,0,0,0,0,0,0,0,0,0,0,0,0,0,0,0,0,0,0,0,0
0,0,0,0,0,0,0,0,0,0,0,0,0,0,0,0,0,0,0,0,0,0,0,0,0
0,0,0,0,0,0,0,0,0,0,0,0,0,0,0,0,0,0,0,0,0,0,0,0,0
0,0,0,0,0,0,0,0,0,0,0,0,0,0,0,0,0,0,0,0,0,0,0,0,0
0,0,0,0,0,0,0,0,0,0,0,0,0,0,0,0,0,0,0,0,0,0,0,0,0
0,0,0,0,0,0,0,0,0,0,0,0,0,0,0,0,0,0,0,0,0,0,0,0,0
0,0,0,0,0,0,0,0,0,0,0,0,0,0,0,0,0,0,0,0,0,0,0,0,0
0,0,0,0,0,0,0,0,0,0,0,0,0,0,0,0,0,0,0,0,0,0,0,0,0
0,0,0,0,0,0,0,0,0,0,0,0,0,0,0,0,0,0,0,0,0,0,0,0,0
0,0,0,0,0,0,0,0,0,0,0,0,0,0,0,0,0,0,0,0,0,0,0,0,0
0,0,0,0,0,0,0,0,0,0,0,0,0,0,0,0,0,0,0,0,0,0,0,0,0
0,0,0,0,0,0,0,0,0,0,0,0,0,0,0,0,0,0,0,0,0,0,0,0,0
0,0,0,0,0,0,0,0,0,0,0,0,0,0,0,0,0,0,0,0,0,0,0,0,0
0,0,0,0,0,0,0,0,0,0,0,0,0,0,0,0,0,0,0,0,0,0,0,0,0
0,0,0,0,0,0,0,0,0,0,0,0,0,0,0,0,0,0,0,0,0,0,0,0,0
0,0,0,0,0,0,0,0,0,0,0,0,0,0,0,0,0,0,0,0,0,0,0,0,0
0,0,0,0,0,0,0,0,0,0,0,0,0,0,0,0,0,0,0,0,0,0,0,0,0
0,0,0,0,0,0,0,0,0,0,0,0,0,0,0,0,0,0,0,0,0,0,0,0,0
0,0,0,0,0,0,0,0,0,0,0,0,0,0,0,0,0,0,0,0,0,0,0,0,0
0,0,0,0,0,0,0,0,0,0,0,0,0,0,0,0,0,0,0,0,0,0,0,0,0
0,0,0,0,0,0,0,0,0,0,0,0,0,0,0,0,0,0,0,0,0,0,0,0,0
0,0,0,0,0,0,0,0,0,0,0,0,0,0,0,0,0,0,0,0,0,0,0,0,0
0,0,0,0,0,0,0,0,0,0,0,0,0,0,0,0,0,0,0,0,0,0,0,0,0
0,0,0,0,0,0,0,0,0,0,0,0,0,0,0,0,0,0,0,0,0,0,0,0,0
0,0,0,0,0,0,0,0,0,0,0,0,0,0,0,0,0,0,0,0,0,0,0,0,0
0,0,0,0,0,0,0,0,0,0,0,0,0,0,0,0,0,0,0,0,0,0,0,0,0
0,0,0,0,0,0,0,0,0,0,0,0,0,0,0,0,0,0,0,0,0,0,0,0,0
0,0,0,0,0,0,0,0,0,0,0,0,0,0,0,0,0,0,0,0,0,0,0,0,0
0,0,0,0,0,0,0,0,0,0,0,0,0,0,0,0,0,0,0,0,0,0,0,0,0
0,0,0,0,0,0,0,0,0,0,0,0,0,0,0,0,0,0,0,0,0,0,0,0,0
0,0,0,0,0,0,0,0,0,0,0,0,0,0,0,0,0,0,0,0,0,0,0,0,0
0,0,0,0,0,0,0,0,0,0,0,0,0,0,0,0,0,0,0,0,0,0,0,0,0
0,0,0,0,0,0,0,0,0,0,0,0,0,0,0,0,0,0,0,0,0,0,0,0,0
0,0,0,0,0,0,0,0,0,0,0,0,0,0,0,0,0,0,0,0,0,0,0,0,0
0,0,0,0,0,0,0,0,0,0,0,0,0,0,0,0,0,0,0,0,0,0,0,0,0
0,0,0,0,0,0,0,0,0,0,0,0,0,0,0,0,0,0,0,0,0,0,0,0,0
0,0,0,0,0,0,0,0,0,0,0,0,0,0,0,0,0,0,0,0,0,0,0,0,0
0,0,0,0,0,0,0,0,0,0,0,0,0,0,0,0,0,0,0,0,0,0,0,0,0
0,0,0,0,0,0,0,0,0,0,0,0,0,0,0,0,0,0,0,0,0,0,0,0,0
0,0,0,0,0,0,0,0,0,0,0,0,0,0,0,0,0,0,0,0,0,0,0,0,0
0,0,0,0,0,0,0,0,0,0,0,0,0,0,0,0,0,0,0,0,0,0,0,0,0
0,0,0,0,0,0,0,0,0,0,0,0,0,0,0,0,0,0,0,0,0,0,0,0,0
0,0,0,0,0,0,0,0,0,0,0,0,0,0,0,0,0,0,0,0,0,0,0,0,0
0,0,0,0,0,0,0,0,0,0,0,0,0,0,0,0,0,0,0,0,0,0,0,0,0
0,0,0,0,0,0,0,0,0,0,0,0,0,0,0,0,0,0,0,0,0,0,0,0,0
0,0,0,0,0,0,0,0,0,0,0,0,0,0,0,0,0,0,0,0,0,0,0,0,0
0,0,0,0,0,0,0,0,0,0,0,0,0,0,0,0,0,0,0,0,0,0,0,0,0
0,0,0,0,0,0,0,0,0,0,0,0,0,0,0,0,0,0,0,0,0,0,0,0,0
0,0,0,0,0,0,0,0,0,0,0,0,0,0,0,0,0,0,0,0,0,0,0,0,0
0,0,0,0,0,0,0,0,0,0,0,0,0,0,0,0,0,0,0,0,0,0,0,0,0
0,0,0,0,0,0,0,0,0,0,0,0,0,0,0,0,0,0,0,0,0,0,0,0,0
0,0,0,0,0,0,0,0,0,0,0,0,0,0,0,0,0,0,0,0,0,0,0,0,0
0,0,0,0,0,0,0,0,0,0,0,0,0,0,0,0,0,0,0,0,0,0,0,0,0
0,0,0,0,0,0,0,0,0,0,0,0,0,0,0,0,0,0,0,0,0,0,0,0,0
0,0,0,0,0,0,0,0,0,0,0,0,0,0,0,0,0,0,0,0,0,0,0,0,0
0,0,0,0,0,0,0,0,0,0,0,0,0,0,0,0,0,0,0,0,0,0,0,0,0
0,0,0,0,0,0,0,0,0,0,0,0,0,0,0,0,0,0,0,0,0,0,0,0,0
0,0,0,0,0,0,0,0,0,0,0,0,0,0,0,0,0,0,0,0,0,0,0,0,0
0,0,0,0,0,0,0,0,0,0,0,0,0,0,0,0,0,0,0,0,0,0,0,0,0
0,0,0,0,0,0,0,0,0,0,0,0,0,0,0,0,0,0,0,0,0,0,0,0,0
0,0,0,0,0,0,0,0,0,0,0,0,0,0,0,0,0,0,0,0,0,0,0,0,0
0,0,0,0,0,0,0,0,0,0,0,0,0,0,0,0,0,0,0,0,0,0,0,0,0
0,0,0,0,0,0,0,0,0,0,0,0,0,0,0,0,0,0,0,0,0,0,0,0,0
0,0,0,0,0,0,0,0,0,0,0,0,0,0,0,0,0,0,0,0,0,0,0,0,0
0,0,0,0,0,0,0,0,0,0,0,0,0,0,0,0,0,0,0,0,0,0,0,0,0
0,0,0,0,0,0,0,0,0,0,0,0,0,0,0,0,0,0,0,0,0,0,0,0,0
0,0,0,0,0,0,0,0,0,0,0,0,0,0,0,0,0,0,0,0,0,0,0,0,0
0,0,0,0,0,0,0,0,0,0,0,0,0,0,0,0,0,0,0,0,0,0,0,0,0
0,0,0,0,0,0,0,0,0,0,0,0,0,0,0,0,0,0,0,0,0,0,0,0,0
0,0,0,0,0,0,0,0,0,0,0,0,0,0,0,0,0,0,0,0,0,0,0,0,0
0,0,0,0,0,0,0,0,0,0,0,0,0,0,0,0,0,0,0,0,0,0,0,0,0
0,0,0,0,0,0,0,0,0,0,0,0,0,0,0,0,0,0,0,0,0,0,0,0,0
0,0,0,0,0,0,0,0,0,0,0,0,0,0,0,0,0,0,0,0,0,0,0,0,0
0,0,0,0,0,0,0,0,0,0,0,0,0,0,0,0,0,0,0,0,0,0,0,0,0
0,0,0,0,0,0,0,0,0,0,0,0,0,0,0,0,0,0,0,0,0,0,0,0,0
0,0,0,0,0,0,0,0,0,0,0,0,0,0,0,0,0,0,0,0,0,0,0,0,0
0,0,0,0,0,0,0,0,0,0,0,0,0,0,0,0,0,0,0,0,0,0,0,0,0
0,0,0,0,0,0,0,0,0,0,0,0,0,0,0,0,0,0,0,0,0,0,0,0,0
0,0,0,0,0,0,0,0,0,0,0,0,0,0,0,0,0,0,0,0,0,0,0,0,0
0,0,0,0,0,0,0,0,0,0,0,0,0,0,0,0,0,0,0,0,0,0,0,0,0
0,0,0,0,0,0,0,0,0,0,0,0,0,0,0,0,0,0,0,0,0,0,0,0,0
0,0,0,0,0,0,0,0,0,0,0,0,0,0,0,0,0,0,0,0,0,0,0,0,0
0,0,0,0,0,0,0,0,0,0,0,0,0,0,0,0,0,0,0,0,0,0,0,0,0
0,0,0,0,0,0,0,0,0,0,0,0,0,0,0,0,0,0,0,0,0,0,0,0,0
0,0,0,0,0,0,0,0,0,0,0,0,0,0,0,0,0,0,0,0,0,0,0,0,0
0,0,0,0,0,0,0,0,0,0,0,0,0,0,0,0,0,0,0,0,0,0,0,0,0
0,0,0,0,0,0,0,0,0,0,0,0,0,0,0,0,0,0,0,0,0,0,0,0,0
0,0,0,0,0,0,0,0,0,0,0,0,0,0,0,0,0,0,0,0,0,0,0,0,0
0,0,0,0,0,0,0,0,0,0,0,0,0,0,0,0,0,0,0,0,0,0,0,0,0
0,0,0,0,0,0,0,0,0,0,0,0,0,0,0,0,0,0,0,0,0,0,0,0,0
0,0,0,0,0,0,0,0,0,0,0,0,0,0,0,0,0,0,0,0,0,0,0,0,0
0,0,0,0,0,0,0,0,0,0,0,0,0,0,0,0,0,0,0,0,0,0,0,0,0
0,0,0,0,0,0,0,0,0,0,0,0,0,0,0,0,0,0,0,0,0,0,0,0,0
0,0,0,0,0,0,0,0,0,0,0,0,0,0,0,0,0,0,0,0,0,0,0,0,0
0,0,0,0,0,0,0,0,0,0,0,0,0,0,0,0,0,0,0,0,0,0,0,0,0
0,0,0,0,0,0,0,0,0,0,0,0,0,0,0,0,0,0,0,0,0,0,0,0,0
0,0,0,0,0,0,0,0,0,0,0,0,0,0,0,0,0,0,0,0,0,0,0,0,0
0,0,0,0,0,0,0,0,0,0,0,0,0,0,0,0,0,0,0,0,0,0,0,0,0
0,0,0,0,0,0,0,0,0,0,0,0,0,0,0,0,0,0,0,0,0,0,0,0,0
0,0,0,0,0,0,0,0,0,0,0,0,0,0,0,0,0,0,0,0,0,0,0,0,0
0,0,0,0,0,0,0,0,0,0,0,0,0,0,0,0,0,0,0,0,0,0,0,0,0
0,0,0,0,0,0,0,0,0,0,0,0,0,0,0,0,0,0,0,0,0,0,0,0,0
0,0,0,0,0,0,0,0,0,0,0,0,0,0,0,0,0,0,0,0,0,0,0,0,0
0,0,0,0,0,0,0,0,0,0,0,0,0,0,0,0,0,0,0,0,0,0,0,0,0
0,0,0,0,0,0,0,0,0,0,0,0,0,0,0,0,0,0,0,0,0,0,0,0,0
0,0,0,0,0,0,0,0,0,0,0,0,0,0,0,0,0,0,0,0,0,0,0,0,0
0,0,0,0,0,0,0,0,0,0,0,0,0,0,0,0,0,0,0,0,0,0,0,0,0
0,0,0,0,0,0,0,0,0,0,0,0,0,0,0,0,0,0,0,0,0,0,0,0,0
0,0,0,0,0,0,0,0,0,0,0,0,0,0,0,0,0,0,0,0,0,0,0,0,0
0,0,0,0,0,0,0,0,0,0,0,0,0,0,0,0,0,0,0,0,0,0,0,0,0
0,0,0,0,0,0,0,0,0,0,0,0,0,0,0,0,0,0,0,0,0,0,0,0,0
0,0,0,0,0,0,0,0,0,0,0,0,0,0,0,0,0,0,0,0,0,0,0,0,0
0,0,0,0,0,0,0,0,0,0,0,0,0,0,0,0,0,0,0,0,0,0,0,0,0
0,0,0,0,0,0,0,0,0,0,0,0,0,0,0,0,0,0,0,0,0,0,0,0,0
0,0,0,0,0,0,0,0,0,0,0,0,0,0,0,0,0,0,0,0,0,0,0,0,0
0,0,0,0,0,0,0,0,0,0,0,0,0,0,0,0,0,0,0,0,0,0,0,0,0
0,0,0,0,0,0,0,0,0,0,0,0,0,0,0,0,0,0,0,0,0,0,0,0,0
0,0,0,0,0,0,0,0,0,0,0,0,0,0,0,0,0,0,0,0,0,0,0,0,0
0,0,0,0,0,0,0,0,0,0,0,0,0,0,0,0,0,0,0,0,0,0,0,0,0
0,0,0,0,0,0,0,0,0,0,0,0,0,0,0,0,0,0,0,0,0,0,0,0,0
0,0,0,0,0,0,0,0,0,0,0,0,0,0,0,0,0,0,0,0,0,0,0,0,0
0,0,0,0,0,0,0,0,0,0,0,0,0,0,0,0,0,0,0,0,0,0,0,0,0
0,0,0,0,0,0,0,0,0,0,0,0,0,0,0,0,0,0,0,0,0,0,0,0,0
0,0,0,0,0,0,0,0,0,0,0,0,0,0,0,0,0,0,0,0,0,0,0,0,0
0,0,0,0,0,0,0,0,0,0,0,0,0,0,0,0,0,0,0,0,0,0,0,0,0
0,0,0,0,0,0,0,0,0,0,0,0,0,0,0,0,0,0,0,0,0,0,0,0,0
0,0,0,0,0,0,0,0,0,0,0,0,0,0,0,0,0,0,0,0,0,0,0,0,0
0,0,0,0,0,0,0,0,0,0,0,0,0,0,0,0,0,0,0,0,0,0,0,0,0
0,0,0,0,0,0,0,0,0,0,0,0,0,0,0,0,0,0,0,0,0,0,0,0,0
0,0,0,0,0,0,0,0,0,0,0,0,0,0,0,0,0,0,0,0,0,0,0,0,0
0,0,0,0,0,0,0,0,0,0,0,0,0,0,0,0,0,0,0,0,0,0,0,0,0
0,0,0,0,0,0,0,0,0,0,0,0,0,0,0,0,0,0,0,0,0,0,0,0,0
0,0,0,0,0,0,0,0,0,0,0,0,0,0,0,0,0,0,0,0,0,0,0,0,0
0,0,0,0,0,0,0,0,0,0,0,0,0,0,0,0,0,0,0,0,0,0,0,0,0
0,0,0,0,0,0,0,0,0,0,0,0,0,0,0,0,0,0,0,0,0,0,0,0,0
0,0,0,0,0,0,0,0,0,0,0,0,0,0,0,0,0,0,0,0,0,0,0,0,0
0,0,0,0,0,0,0,0,0,0,0,0,0,0,0,0,0,0,0,0,0,0,0,0,0
0,0,0,0,0,0,0,0,0,0,0,0,0,0,0,0,0,0,0,0,0,0,0,0,0
0,0,0,0,0,0,0,0,0,0,0,0,0,0,0,0,0,0,0,0,0,0,0,0,0
0,0,0,0,0,0,0,0,0,0,0,0,0,0,0,0,0,0,0,0,0,0,0,0,0
0,0,0,0,0,0,0,0,0,0,0,0,0,0,0,0,0,0,0,0,0,0,0,0,0
0,0,0,0,0,0,0,0,0,0,0,0,0,0,0,0,0,0,0,0,0,0,0,0,0
0,0,0,0,0,0,0,0,0,0,0,0,0,0,0,0,0,0,0,0,0,0,0,0,0
0,0,0,0,0,0,0,0,0,0,0,0,0,0,0,0,0,0,0,0,0,0,0,0,0
0,0,0,0,0,0,0,0,0,0,0,0,0,0,0,0,0,0,0,0,0,0,0,0,0
0,0,0,0,0,0,0,0,0,0,0,0,0,0,0,0,0,0,0,0,0,0,0,0,0
0,0,0,0,0,0,0,0,0,0,0,0,0,0,0,0,0,0,0,0,0,0,0,0,0
0,0,0,0,0,0,0,0,0,0,0,0,0,0,0,0,0,0,0,0,0,0,0,0,0
0,0,0,0,0,0,0,0,0,0,0,0,0,0,0,0,0,0,0,0,0,0,0,0,0
0,0,0,0,0,0,0,0,0,0,0,0,0,0,0,0,0,0,0,0,0,0,0,0,0
0,0,0,0,0,0,0,0,0,0,0,0,0,0,0,0,0,0,0,0,0,0,0,0,0
0,0,0,0,0,0,0,0,0,0,0,0,0,0,0,0,0,0,0,0,0,0,0,0,0
0,0,0,0,0,0,0,0,0,0,0,0,0,0,0,0,0,0,0,0,0,0,0,0,0
0,0,0,0,0,0,0,0,0,0,0,0,0,0,0,0,0,0,0,0,0,0,0,0,0
0,0,0,0,0,0,0,0,0,0,0,0,0,0,0,0,0,0,0,0,0,0,0,0,0
0,0,0,0,0,0,0,0,0,0,0,0,0,0,0,0,0,0,0,0,0,0,0,0,0
0,0,0,0,0,0,0,0,0,0,0,0,0,0,0,0,0,0,0,0,0,0,0,0,0
0,0,0,0,0,0,0,0,0,0,0,0,0,0,0,0,0,0,0,0,0,0,0,0,0
0,0,0,0,0,0,0,0,0,0,0,0,0,0,0,0,0,0,0,0,0,0,0,0,0
0,0,0,0,0,0,0,0,0,0,0,0,0,0,0,0,0,0,0,0,0,0,0,0,0
0,0,0,0,0,0,0,0,0,0,0,0,0,0,0,0,0,0,0,0,0,0,0,0,0
0,0,0,0,0,0,0,0,0,0,0,0,0,0,0,0,0,0,0,0,0,0,0,0,0
0,0,0,0,0,0,0,0,0,0,0,0,0,0,0,0,0,0,0,0,0,0,0,0,0
0,0,0,0,0,0,0,0,0,0,0,0,0,0,0,0,0,0,0,0,0,0,0,0,0
0,0,0,0,0,0,0,0,0,0,0,0,0,0,0,0,0,0,0,0,0,0,0,0,0
0,0,0,0,0,0,0,0,0,0,0,0,0,0,0,0,0,0,0,0,0,0,0,0,0
0,0,0,0,0,0,0,0,0,0,0,0,0,0,0,0,0,0,0,0,0,0,0,0,0
0,0,0,0,0,0,0,0,0,0,0,0,0,0,0,0,0,0,0,0,0,0,0,0,0
0,0,0,0,0,0,0,0,0,0,0,0,0,0,0,0,0,0,0,0,0,0,0,0,0
0,0,0,0,0,0,0,0,0,0,0,0,0,0,0,0,0,0,0,0,0,0,0,0,0
0,0,0,0,0,0,0,0,0,0,0,0,0,0,0,0,0,0,0,0,0,0,0,0,0
0,0,0,0,0,0,0,0,0,0,0,0,0,0,0,0,0,0,0,0,0,0,0,0,0
0,0,0,0,0,0,0,0,0,0,0,0,0,0,0,0,0,0,0,0,0,0,0,0,0
0,0,0,0,0,0,0,0,0,0,0,0,0,0,0,0,0,0,0,0,0,0,0,0,0
0,0,0,0,0,0,0,0,0,0,0,0,0,0,0,0,0,0,0,0,0,0,0,0,0
0,0,0,0,0,0,0,0,0,0,0,0,0,0,0,0,0,0,0,0,0,0,0,0,0
0,0,0,0,0,0,0,0,0,0,0,0,0,0,0,0,0,0,0,0,0,0,0,0,0
0,0,0,0,0,0,0,0,0,0,0,0,0,0,0,0,0,0,0,0,0,0,0,0,0
0,0,0,0,0,0,0,0,0,0,0,0,0,0,0,0,0,0,0,0,0,0,0,0,0
0,0,0,0,0,0,0,0,0,0,0,0,0,0,0,0,0,0,0,0,0,0,0,0,0
0,0,0,0,0,0,0,0,0,0,0,0,0,0,0,0,0,0,0,0,0,0,0,0,0
0,0,0,0,0,0,0,0,0,0,0,0,0,0,0,0,0,0,0,0,0,0,0,0,0
0,0,0,0,0,0,0,0,0,0,0,0,0,0,0,0,0,0,0,0,0,0,0,0,0
0,0,0,0,0,0,0,0,0,0,0,0,0,0,0,0,0,0,0,0,0,0,0,0,0
0,0,0,0,0,0,0,0,0,0,0,0,0,0,0,0,0,0,0,0,0,0,0,0,0
0,0,0,0,0,0,0,0,0,0,0,0,0,0,0,0,0,0,0,0,0,0,0,0,0
0,0,0,0,0,0,0,0,0,0,0,0,0,0,0,0,0,0,0,0,0,0,0,0,0
0,0,0,0,0,0,0,0,0,0,0,0,0,0,0,0,0,0,0,0,0,0,0,0,0
0,0,0,0,0,0,0,0,0,0,0,0,0,0,0,0,0,0,0,0,0,0,0,0,0
0,0,0,0,0,0,0,0,0,0,0,0,0,0,0,0,0,0,0,0,0,0,0,0,0
0,0,0,0,0,0,0,0,0,0,0,0,0,0,0,0,0,0,0,0,0,0,0,0,0
0,0,0,0,0,0,0,0,0,0,0,0,0,0,0,0,0,0,0,0,0,0,0,0,0
0,0,0,0,0,0,0,0,0,0,0,0,0,0,0,0,0,0,0,0,0,0,0,0,0
0,0,0,0,0,0,0,0,0,0,0,0,0,0,0,0,0,0,0,0,0,0,0,0,0
0,0,0,0,0,0,0,0,0,0,0,0,0,0,0,0,0,0,0,0,0,0,0,0,0
0,0,0,0,0,0,0,0,0,0,0,0,0,0,0,0,0,0,0,0,0,0,0,0,0
0,0,0,0,0,0,0,0,0,0,0,0,0,0,0,0,0,0,0,0,0,0,0,0,0
0,0,0,0,0,0,0,0,0,0,0,0,0,0,0,0,0,0,0,0,0,0,0,0,0
0,0,0,0,0,0,0,0,0,0,0,0,0,0,0,0,0,0,0,0,0,0,0,0,0
0,0,0,0,0,0,0,0,0,0,0,0,0,0,0,0,0,0,0,0,0,0,0,0,0
0,0,0,0,0,0,0,0,0,0,0,0,0,0,0,0,0,0,0,0,0,0,0,0,0
0,0,0,0,0,0,0,0,0,0,0,0,0,0,0,0,0,0,0,0,0,0,0,0,0
0,0,0,0,0,0,0,0,0,0,0,0,0,0,0,0,0,0,0,0,0,0,0,0,0
0,0,0,0,0,0,0,0,0,0,0,0,0,0,0,0,0,0,0,0,0,0,0,0,0
0,0,0,0,0,0,0,0,0,0,0,0,0,0,0,0,0,0,0,0,0,0,0,0,0
0,0,0,0,0,0,0,0,0,0,0,0,0,0,0,0,0,0,0,0,0,0,0,0,0
0,0,0,0,0,0,0,0,0,0,0,0,0,0,0,0,0,0,0,0,0,0,0,0,0
0,0,0,0,0,0,0,0,0,0,0,0,0,0,0,0,0,0,0,0,0,0,0,0,0
0,0,0,0,0,0,0,0,0,0,0,0,0,0,0,0,0,0,0,0,0,0,0,0,0
0,0,0,0,0,0,0,0,0,0,0,0,0,0,0,0,0,0,0,0,0,0,0,0,0
0,0,0,0,0,0,0,0,0,0,0,0,0,0,0,0,0,0,0,0,0,0,0,0,0
0,0,0,0,0,0,0,0,0,0,0,0,0,0,0,0,0,0,0,0,0,0,0,0,0
0,0,0,0,0,0,0,0,0,0,0,0,0,0,0,0,0,0,0,0,0,0,0,0,0
0,0,0,0,0,0,0,0,0,0,0,0,0,0,0,0,0,0,0,0,0,0,0,0,0
0,0,0,0,0,0,0,0,0,0,0,0,0,0,0,0,0,0,0,0,0,0,0,0,0
0,0,0,0,0,0,0,0,0,0,0,0,0,0,0,0,0,0,0,0,0,0,0,0,0
0,0,0,0,0,0,0,0,0,0,0,0,0,0,0,0,0,0,0,0,0,0,0,0,0
0,0,0,0,0,0,0,0,0,0,0,0,0,0,0,0,0,0,0,0,0,0,0,0,0
0,0,0,0,0,0,0,0,0,0,0,0,0,0,0,0,0,0,0,0,0,0,0,0,0
0,0,0,0,0,0,0,0,0,0,0,0,0,0,0,0,0,0,0,0,0,0,0,0,0
0,0,0,0,0,0,0,0,0,0,0,0,0,0,0,0,0,0,0,0,0,0,0,0,0
0,0,0,0,0,0,0,0,0,0,0,0,0,0,0,0,0,0,0,0,0,0,0,0,0
0,0,0,0,0,0,0,0,0,0,0,0,0,0,0,0,0,0,0,0,0,0,0,0,0
0,0,0,0,0,0,0,0,0,0,0,0,0,0,0,0,0,0,0,0,0,0,0,0,0
0,0,0,0,0,0,0,0,0,0,0,0,0,0,0,0,0,0,0,0,0,0,0,0,0
0,0,0,0,0,0,0,0,0,0,0,0,0,0,0,0,0,0,0,0,0,0,0,0,0
0,0,0,0,0,0,0,0,0,0,0,0,0,0,0,0,0,0,0,0,0,0,0,0,0
0,0,0,0,0,0,0,0,0,0,0,0,0,0,0,0,0,0,0,0,0,0,0,0,0
0,0,0,0,0,0,0,0,0,0,0,0,0,0,0,0,0,0,0,0,0,0,0,0,0
0,0,0,0,0,0,0,0,0,0,0,0,0,0,0,0,0,0,0,0,0,0,0,0,0
0,0,0,0,0,0,0,0,0,0,0,0,0,0,0,0,0,0,0,0,0,0,0,0,0
0,0,0,0,0,0,0,0,0,0,0,0,0,0,0,0,0,0,0,0,0,0,0,0,0
0,0,0,0,0,0,0,0,0,0,0,0,0,0,0,0,0,0,0,0,0,0,0,0,0
0,0,0,0,0,0,0,0,0,0,0,0,0,0,0,0,0,0,0,0,0,0,0,0,0
0,0,0,0,0,0,0,0,0,0,0,0,0,0,0,0,0,0,0,0,0,0,0,0,0
0,0,0,0,0,0,0,0,0,0,0,0,0,0,0,0,0,0,0,0,0,0,0,0,0
0,0,0,0,0,0,0,0,0,0,0,0,0,0,0,0,0,0,0,0,0,0,0,0,0
0,0,0,0,0,0,0,0,0,0,0,0,0,0,0,0,0,0,0,0,0,0,0,0,0
0,0,0,0,0,0,0,0,0,0,0,0,0,0,0,0,0,0,0,0,0,0,0,0,0
0,0,0,0,0,0,0,0,0,0,0,0,0,0,0,0,0,0,0,0,0,0,0,0,0
0,0,0,0,0,0,0,0,0,0,0,0,0,0,0,0,0,0,0,0,0,0,0,0,0
0,0,0,0,0,0,0,0,0,0,0,0,0,0,0,0,0,0,0,0,0,0,0,0,0
0,0,0,0,0,0,0,0,0,0,0,0,0,0,0,0,0,0,0,0,0,0,0,0,0
0,0,0,0,0,0,0,0,0,0,0,0,0,0,0,0,0,0,0,0,0,0,0,0,0
0,0,0,0,0,0,0,0,0,0,0,0,0,0,0,0,0,0,0,0,0,0,0,0,0
0,0,0,0,0,0,0,0,0,0,0,0,0,0,0,0,0,0,0,0,0,0,0,0,0
0,0,0,0,0,0,0,0,0,0,0,0,0,0,0,0,0,0,0,0,0,0,0,0,0
0,0,0,0,0,0,0,0,0,0,0,0,0,0,0,0,0,0,0,0,0,0,0,0,0
0,0,0,0,0,0,0,0,0,0,0,0,0,0,0,0,0,0,0,0,0,0,0,0,0
0,0,0,0,0,0,0,0,0,0,0,0,0,0,0,0,0,0,0,0,0,0,0,0,0
0,0,0,0,0,0,0,0,0,0,0,0,0,0,0,0,0,0,0,0,0,0,0,0,0
0,0,0,0,0,0,0,0,0,0,0,0,0,0,0,0,0,0,0,0,0,0,0,0,0
0,0,0,0,0,0,0,0,0,0,0,0,0,0,0,0,0,0,0,0,0,0,0,0,0
0,0,0,0,0,0,0,0,0,0,0,0,0,0,0,0,0,0,0,0,0,0,0,0,0
0,0,0,0,0,0,0,0,0,0,0,0,0,0,0,0,0,0,0,0,0,0,0,0,0
0,0,0,0,0,0,0,0,0,0,0,0,0,0,0,0,0,0,0,0,0,0,0,0,0
0,0,0,0,0,0,0,0,0,0,0,0,0,0,0,0,0,0,0,0,0,0,0,0,0
0,0,0,0,0,0,0,0,0,0,0,0,0,0,0,0,0,0,0,0,0,0,0,0,0
0,0,0,0,0,0,0,0,0,0,0,0,0,0,0,0,0,0,0,0,0,0,0,0,0
0,0,0,0,0,0,0,0,0,0,0,0,0,0,0,0,0,0,0,0,0,0,0,0,0
0,0,0,0,0,0,0,0,0,0,0,0,0,0,0,0,0,0,0,0,0,0,0,0,0
0,0,0,0,0,0,0,0,0,0,0,0,0,0,0,0,0,0,0,0,0,0,0,0,0
0,0,0,0,0,0,0,0,0,0,0,0,0,0,0,0,0,0,0,0,0,0,0,0,0
0,0,0,0,0,0,0,0,0,0,0,0,0,0,0,0,0,0,0,0,0,0,0,0,0
0,0,0,0,0,0,0,0,0,0,0,0,0,0,0,0,0,0,0,0,0,0,0,0,0
0,0,0,0,0,0,0,0,0,0,0,0,0,0,0,0,0,0,0,0,0,0,0,0,0
0,0,0,0,0,0,0,0,0,0,0,0,0,0,0,0,0,0,0,0,0,0,0,0,0
0,0,0,0,0,0,0,0,0,0,0,0,0,0,0,0,0,0,0,0,0,0,0,0,0
0,0,0,0,0,0,0,0,0,0,0,0,0,0,0,0,0,0,0,0,0,0,0,0,0
0,0,0,0,0,0,0,0,0,0,0,0,0,0,0,0,0,0,0,0,0,0,0,0,0
0,0,0,0,0,0,0,0,0,0,0,0,0,0,0,0,0,0,0,0,0,0,0,0,0
0,0,0,0,0,0,0,0,0,0,0,0,0,0,0,0,0,0,0,0,0,0,0,0,0
0,0,0,0,0,0,0,0,0,0,0,0,0,0,0,0,0,0,0,0,0,0,0,0,0
0,0,0,0,0,0,0,0,0,0,0,0,0,0,0,0,0,0,0,0,0,0,0,0,0
0,0,0,0,0,0,0,0,0,0,0,0,0,0,0,0,0,0,0,0,0,0,0,0,0
0,0,0,0,0,0,0,0,0,0,0,0,0,0,0,0,0,0,0,0,0,0,0,0,0
0,0,0,0,0,0,0,0,0,0,0,0,0,0,0,0,0,0,0,0,0,0,0,0,0
0,0,0,0,0,0,0,0,0,0,0,0,0,0,0,0,0,0,0,0,0,0,0,0,0
0,0,0,0,0,0,0,0,0,0,0,0,0,0,0,0,0,0,0,0,0,0,0,0,0
0,0,0,0,0,0,0,0,0,0,0,0,0,0,0,0,0,0,0,0,0,0,0,0,0
0,0,0,0,0,0,0,0,0,0,0,0,0,0,0,0,0,0,0,0,0,0,0,0,0
0,0,0,0,0,0,0,0,0,0,0,0,0,0,0,0,0,0,0,0,0,0,0,0,0
0,0,0,0,0,0,0,0,0,0,0,0,0,0,0,0,0,0,0,0,0,0,0,0,0
0,0,0,0,0,0,0,0,0,0,0,0,0,0,0,0,0,0,0,0,0,0,0,0,0
0,0,0,0,0,0,0,0,0,0,0,0,0,0,0,0,0,0,0,0,0,0,0,0,0
0,0,0,0,0,0,0,0,0,0,0,0,0,0,0,0,0,0,0,0,0,0,0,0,0
0,0,0,0,0,0,0,0,0,0,0,0,0,0,0,0,0,0,0,0,0,0,0,0,0
0,0,0,0,0,0,0,0,0,0,0,0,0,0,0,0,0,0,0,0,0,0,0,0,0
0,0,0,0,0,0,0,0,0,0,0,0,0,0,0,0,0,0,0,0,0,0,0,0,0
0,0,0,0,0,0,0,0,0,0,0,0,0,0,0,0,0,0,0,0,0,0,0,0,0
0,0,0,0,0,0,0,0,0,0,0,0,0,0,0,0,0,0,0,0,0,0,0,0,0
0,0,0,0,0,0,0,0,0,0,0,0,0,0,0,0,0,0,0,0,0,0,0,0,0
0,0,0,0,0,0,0,0,0,0,0,0,0,0,0,0,0,0,0,0,0,0,0,0,0
0,0,0,0,0,0,0,0,0,0,0,0,0,0,0,0,0,0,0,0,0,0,0,0,0
0,0,0,0,0,0,0,0,0,0,0,0,0,0,0,0,0,0,0,0,0,0,0,0,0
0,0,0,0,0,0,0,0,0,0,0,0,0,0,0,0,0,0,0,0,0,0,0,0,0
0,0,0,0,0,0,0,0,0,0,0,0,0,0,0,0,0,0,0,0,0,0,0,0,0
0,0,0,0,0,0,0,0,0,0,0,0,0,0,0,0,0,0,0,0,0,0,0,0,0
0,0,0,0,0,0,0,0,0,0,0,0,0,0,0,0,0,0,0,0,0,0,0,0,0
0,0,0,0,0,0,0,0,0,0,0,0,0,0,0,0,0,0,0,0,0,0,0,0,0
0,0,0,0,0,0,0,0,0,0,0,0,0,0,0,0,0,0,0,0,0,0,0,0,0
0,0,0,0,0,0,0,0,0,0,0,0,0,0,0,0,0,0,0,0,0,0,0,0,0
0,0,0,0,0,0,0,0,0,0,0,0,0,0,0,0,0,0,0,0,0,0,0,0,0
0,0,0,0,0,0,0,0,0,0,0,0,0,0,0,0,0,0,0,0,0,0,0,0,0
0,0,0,0,0,0,0,0,0,0,0,0,0,0,0,0,0,0,0,0,0,0,0,0,0
0,0,0,0,0,0,0,0,0,0,0,0,0,0,0,0,0,0,0,0,0,0,0,0,0
0,0,0,0,0,0,0,0,0,0,0,0,0,0,0,0,0,0,0,0,0,0,0,0,0
0,0,0,0,0,0,0,0,0,0,0,0,0,0,0,0,0,0,0,0,0,0,0,0,0
0,0,0,0,0,0,0,0,0,0,0,0,0,0,0,0,0,0,0,0,0,0,0,0,0
0,0,0,0,0,0,0,0,0,0,0,0,0,0,0,0,0,0,0,0,0,0,0,0,0
0,0,0,0,0,0,0,0,0,0,0,0,0,0,0,0,0,0,0,0,0,0,0,0,0
0,0,0,0,0,0,0,0,0,0,0,0,0,0,0,0,0,0,0,0,0,0,0,0,0
0,0,0,0,0,0,0,0,0,0,0,0,0,0,0,0,0,0,0,0,0,0,0,0,0
0,0,0,0,0,0,0,0,0,0,0,0,0,0,0,0,0,0,0,0,0,0,0,0,0
0,0,0,0,0,0,0,0,0,0,0,0,0,0,0,0,0,0,0,0,0,0,0,0,0
0,0,0,0,0,0,0,0,0,0,0,0,0,0,0,0,0,0,0,0,0,0,0,0,0
0,0,0,0,0,0,0,0,0,0,0,0,0,0,0,0,0,0,0,0,0,0,0,0,0
0,0,0,0,0,0,0,0,0,0,0,0,0,0,0,0,0,0,0,0,0,0,0,0,0
0,0,0,0,0,0,0,0,0,0,0,0,0,0,0,0,0,0,0,0,0,0,0,0,0
0,0,0,0,0,0,0,0,0,0,0,0,0,0,0,0,0,0,0,0,0,0,0,0,0
0,0,0,0,0,0,0,0,0,0,0,0,0,0,0,0,0,0,0,0,0,0,0,0,0
0,0,0,0,0,0,0,0,0,0,0,0,0,0,0,0,0,0,0,0,0,0,0,0,0
0,0,0,0,0,0,0,0,0,0,0,0,0,0,0,0,0,0,0,0,0,0,0,0,0
0,0,0,0,0,0,0,0,0,0,0,0,0,0,0,0,0,0,0,0,0,0,0,0,0
0,0,0,0,0,0,0,0,0,0,0,0,0,0,0,0,0,0,0,0,0,0,0,0,0
0,0,0,0,0,0,0,0,0,0,0,0,0,0,0,0,0,0,0,0,0,0,0,0,0
0,0,0,0,0,0,0,0,0,0,0,0,0,0,0,0,0,0,0,0,0,0,0,0,0
0,0,0,0,0,0,0,0,0,0,0,0,0,0,0,0,0,0,0,0,0,0,0,0,0
0,0,0,0,0,0,0,0,0,0,0,0,0,0,0,0,0,0,0,0,0,0,0,0,0
0,0,0,0,0,0,0,0,0,0,0,0,0,0,0,0,0,0,0,0,0,0,0,0,0
0,0,0,0,0,0,0,0,0,0,0,0,0,0,0,0,0,0,0,0,0,0,0,0,0
0,0,0,0,0,0,0,0,0,0,0,0,0,0,0,0,0,0,0,0,0,0,0,0,0
0,0,0,0,0,0,0,0,0,0,0,0,0,0,0,0,0,0,0,0,0,0,0,0,0
0,0,0,0,0,0,0,0,0,0,0,0,0,0,0,0,0,0,0,0,0,0,0,0,0
0,0,0,0,0,0,0,0,0,0,0,0,0,0,0,0,0,0,0,0,0,0,0,0,0
0,0,0,0,0,0,0,0,0,0,0,0,0,0,0,0,0,0,0,0,0,0,0,0,0
0,0,0,0,0,0,0,0,0,0,0,0,0,0,0,0,0,0,0,0,0,0,0,0,0
0,0,0,0,0,0,0,0,0,0,0,0,0,0,0,0,0,0,0,0,0,0,0,0,0
0,0,0,0,0,0,0,0,0,0,0,0,0,0,0,0,0,0,0,0,0,0,0,0,0
0,0,0,0,0,0,0,0,0,0,0,0,0,0,0,0,0,0,0,0,0,0,0,0,0
0,0,0,0,0,0,0,0,0,0,0,0,0,0,0,0,0,0,0,0,0,0,0,0,0
0,0,0,0,0,0,0,0,0,0,0,0,0,0,0,0,0,0,0,0,0,0,0,0,0
0,0,0,0,0,0,0,0,0,0,0,0,0,0,0,0,0,0,0,0,0,0,0,0,0
0,0,0,0,0,0,0,0,0,0,0,0,0,0,0,0,0,0,0,0,0,0,0,0,0
0,0,0,0,0,0,0,0,0,0,0,0,0,0,0,0,0,0,0,0,0,0,0,0,0
0,0,0,0,0,0,0,0,0,0,0,0,0,0,0,0,0,0,0,0,0,0,0,0,0
0,0,0,0,0,0,0,0,0,0,0,0,0,0,0,0,0,0,0,0,0,0,0,0,0
0,0,0,0,0,0,0,0,0,0,0,0,0,0,0,0,0,0,0,0,0,0,0,0,0
0,0,0,0,0,0,0,0,0,0,0,0,0,0,0,0,0,0,0,0,0,0,0,0,0
0,0,0,0,0,0,0,0,0,0,0,0,0,0,0,0,0,0,0,0,0,0,0,0,0
0,0,0,0,0,0,0,0,0,0,0,0,0,0,0,0,0,0,0,0,0,0,0,0,0
0,0,0,0,0,0,0,0,0,0,0,0,0,0,0,0,0,0,0,0,0,0,0,0,0
0,0,0,0,0,0,0,0,0,0,0,0,0,0,0,0,0,0,0,0,0,0,0,0,0
0,0,0,0,0,0,0,0,0,0,0,0,0,0,0,0,0,0,0,0,0,0,0,0,0
0,0,0,0,0,0,0,0,0,0,0,0,0,0,0,0,0,0,0,0,0,0,0,0,0
0,0,0,0,0,0,0,0,0,0,0,0,0,0,0,0,0,0,0,0,0,0,0,0,0
0,0,0,0,0,0,0,0,0,0,0,0,0,0,0,0,0,0,0,0,0,0,0,0,0
0,0,0,0,0,0,0,0,0,0,0,0,0,0,0,0,0,0,0,0,0,0,0,0,0
0,0,0,0,0,0,0,0,0,0,0,0,0,0,0,0,0,0,0,0,0,0,0,0,0
0,0,0,0,0,0,0,0,0,0,0,0,0,0,0,0,0,0,0,0,0,0,0,0,0
0,0,0,0,0,0,0,0,0,0,0,0,0,0,0,0,0,0,0,0,0,0,0,0,0
0,0,0,0,0,0,0,0,0,0,0,0,0,0,0,0,0,0,0,0,0,0,0,0,0
0,0,0,0,0,0,0,0,0,0,0,0,0,0,0,0,0,0,0,0,0,0,0,0,0
0,0,0,0,0,0,0,0,0,0,0,0,0,0,0,0,0,0,0,0,0,0,0,0,0
0,0,0,0,0,0,0,0,0,0,0,0,0,0,0,0,0,0,0,0,0,0,0,0,0
0,0,0,0,0,0,0,0,0,0,0,0,0,0,0,0,0,0,0,0,0,0,0,0,0
0,0,0,0,0,0,0,0,0,0,0,0,0,0,0,0,0,0,0,0,0,0,0,0,0
0,0,0,0,0,0,0,0,0,0,0,0,0,0,0,0,0,0,0,0,0,0,0,0,0
0,0,0,0,0,0,0,0,0,0,0,0,0,0,0,0,0,0,0,0,0,0,0,0,0
0,0,0,0,0,0,0,0,0,0,0,0,0,0,0,0,0,0,0,0,0,0,0,0,0
0,0,0,0,0,0,0,0,0,0,0,0,0,0,0,0,0,0,0,0,0,0,0,0,0
0,0,0,0,0,0,0,0,0,0,0,0,0,0,0,0,0,0,0,0,0,0,0,0,0
0,0,0,0,0,0,0,0,0,0,0,0,0,0,0,0,0,0,0,0,0,0,0,0,0
0,0,0,0,0,0,0,0,0,0,0,0,0,0,0,0,0,0,0,0,0,0,0,0,0
0,0,0,0,0,0,0,0,0,0,0,0,0,0,0,0,0,0,0,0,0,0,0,0,0
0,0,0,0,0,0,0,0,0,0,0,0,0,0,0,0,0,0,0,0,0,0,0,0,0
0,0,0,0,0,0,0,0,0,0,0,0,0,0,0,0,0,0,0,0,0,0,0,0,0
0,0,0,0,0,0,0,0,0,0,0,0,0,0,0,0,0,0,0,0,0,0,0,0,0
0,0,0,0,0,0,0,0,0,0,0,0,0,0,0,0,0,0,0,0,0,0,0,0,0
0,0,0,0,0,0,0,0,0,0,0,0,0,0,0,0,0,0,0,0,0,0,0,0,0
0,0,0,0,0,0,0,0,0,0,0,0,0,0,0,0,0,0,0,0,0,0,0,0,0
0,0,0,0,0,0,0,0,0,0,0,0,0,0,0,0,0,0,0,0,0,0,0,0,0
0,0,0,0,0,0,0,0,0,0,0,0,0,0,0,0,0,0,0,0,0,0,0,0,0
0,0,0,0,0,0,0,0,0,0,0,0,0,0,0,0,0,0,0,0,0,0,0,0,0
0,0,0,0,0,0,0,0,0,0,0,0,0,0,0,0,0,0,0,0,0,0,0,0,0
0,0,0,0,0,0,0,0,0,0,0,0,0,0,0,0,0,0,0,0,0,0,0,0,0
0,0,0,0,0,0,0,0,0,0,0,0,0,0,0,0,0,0,0,0,0,0,0,0,0
0,0,0,0,0,0,0,0,0,0,0,0,0,0,0,0,0,0,0,0,0,0,0,0,0
0,0,0,0,0,0,0,0,0,0,0,0,0,0,0,0,0,0,0,0,0,0,0,0,0
0,0,0,0,0,0,0,0,0,0,0,0,0,0,0,0,0,0,0,0,0,0,0,0,0
0,0,0,0,0,0,0,0,0,0,0,0,0,0,0,0,0,0,0,0,0,0,0,0,0
0,0,0,0,0,0,0,0,0,0,0,0,0,0,0,0,0,0,0,0,0,0,0,0,0
0,0,0,0,0,0,0,0,0,0,0,0,0,0,0,0,0,0,0,0,0,0,0,0,0
0,0,0,0,0,0,0,0,0,0,0,0,0,0,0,0,0,0,0,0,0,0,0,0,0
0,0,0,0,0,0,0,0,0,0,0,0,0,0,0,0,0,0,0,0,0,0,0,0,0
0,0,0,0,0,0,0,0,0,0,0,0,0,0,0,0,0,0,0,0,0,0,0,0,0
0,0,0,0,0,0,0,0,0,0,0,0,0,0,0,0,0,0,0,0,0,0,0,0,0
0,0,0,0,0,0,0,0,0,0,0,0,0,0,0,0,0,0,0,0,0,0,0,0,0
0,0,0,0,0,0,0,0,0,0,0,0,0,0,0,0,0,0,0,0,0,0,0,0,0
0,0,0,0,0,0,0,0,0,0,0,0,0,0,0,0,0,0,0,0,0,0,0,0,0
0,0,0,0,0,0,0,0,0,0,0,0,0,0,0,0,0,0,0,0,0,0,0,0,0
0,0,0,0,0,0,0,0,0,0,0,0,0,0,0,0,0,0,0,0,0,0,0,0,0
0,0,0,0,0,0,0,0,0,0,0,0,0,0,0,0,0,0,0,0,0,0,0,0,0
0,0,0,0,0,0,0,0,0,0,0,0,0,0,0,0,0,0,0,0,0,0,0,0,0
0,0,0,0,0,0,0,0,0,0,0,0,0,0,0,0,0,0,0,0,0,0,0,0,0
0,0,0,0,0,0,0,0,0,0,0,0,0,0,0,0,0,0,0,0,0,0,0,0,0
0,0,0,0,0,0,0,0,0,0,0,0,0,0,0,0,0,0,0,0,0,0,0,0,0
0,0,0,0,0,0,0,0,0,0,0,0,0,0,0,0,0,0,0,0,0,0,0,0,0
0,0,0,0,0,0,0,0,0,0,0,0,0,0,0,0,0,0,0,0,0,0,0,0,0
0,0,0,0,0,0,0,0,0,0,0,0,0,0,0,0,0,0,0,0,0,0,0,0,0
0,0,0,0,0,0,0,0,0,0,0,0,0,0,0,0,0,0,0,0,0,0,0,0,0
0,0,0,0,0,0,0,0,0,0,0,0,0,0,0,0,0,0,0,0,0,0,0,0,0
0,0,0,0,0,0,0,0,0,0,0,0,0,0,0,0,0,0,0,0,0,0,0,0,0
0,0,0,0,0,0,0,0,0,0,0,0,0,0,0,0,0,0,0,0,0,0,0,0,0
0,0,0,0,0,0,0,0,0,0,0,0,0,0,0,0,0,0,0,0,0,0,0,0,0
0,0,0,0,0,0,0,0,0,0,0,0,0,0,0,0,0,0,0,0,0,0,0,0,0
0,0,0,0,0,0,0,0,0,0,0,0,0,0,0,0,0,0,0,0,0,0,0,0,0
0,0,0,0,0,0,0,0,0,0,0,0,0,0,0,0,0,0,0,0,0,0,0,0,0
0,0,0,0,0,0,0,0,0,0,0,0,0,0,0,0,0,0,0,0,0,0,0,0,0
0,0,0,0,0,0,0,0,0,0,0,0,0,0,0,0,0,0,0,0,0,0,0,0,0
0,0,0,0,0,0,0,0,0,0,0,0,0,0,0,0,0,0,0,0,0,0,0,0,0
0,0,0,0,0,0,0,0,0,0,0,0,0,0,0,0,0,0,0,0,0,0,0,0,0
0,0,0,0,0,0,0,0,0,0,0,0,0,0,0,0,0,0,0,0,0,0,0,0,0
0,0,0,0,0,0,0,0,0,0,0,0,0,0,0,0,0,0,0,0,0,0,0,0,0
0,0,0,0,0,0,0,0,0,0,0,0,0,0,0,0,0,0,0,0,0,0,0,0,0
0,0,0,0,0,0,0,0,0,0,0,0,0,0,0,0,0,0,0,0,0,0,0,0,0
0,0,0,0,0,0,0,0,0,0,0,0,0,0,0,0,0,0,0,0,0,0,0,0,0
0,0,0,0,0,0,0,0,0,0,0,0,0,0,0,0,0,0,0,0,0,0,0,0,0
0,0,0,0,0,0,0,0,0,0,0,0,0,0,0,0,0,0,0,0,0,0,0,0,0
0,0,0,0,0,0,0,0,0,0,0,0,0,0,0,0,0,0,0,0,0,0,0,0,0
0,0,0,0,0,0,0,0,0,0,0,0,0,0,0,0,0,0,0,0,0,0,0,0,0
0,0,0,0,0,0,0,0,0,0,0,0,0,0,0,0,0,0,0,0,0,0,0,0,0
0,0,0,0,0,0,0,0,0,0,0,0,0,0,0,0,0,0,0,0,0,0,0,0,0
0,0,0,0,0,0,0,0,0,0,0,0,0,0,0,0,0,0,0,0,0,0,0,0,0
0,0,0,0,0,0,0,0,0,0,0,0,0,0,0,0,0,0,0,0,0,0,0,0,0
0,0,0,0,0,0,0,0,0,0,0,0,0,0,0,0,0,0,0,0,0,0,0,0,0
0,0,0,0,0,0,0,0,0,0,0,0,0,0,0,0,0,0,0,0,0,0,0,0,0
0,0,0,0,0,0,0,0,0,0,0,0,0,0,0,0,0,0,0,0,0,0,0,0,0
0,0,0,0,0,0,0,0,0,0,0,0,0,0,0,0,0,0,0,0,0,0,0,0,0
0,0,0,0,0,0,0,0,0,0,0,0,0,0,0,0,0,0,0,0,0,0,0,0,0
0,0,0,0,0,0,0,0,0,0,0,0,0,0,0,0,0,0,0,0,0,0,0,0,0
0,0,0,0,0,0,0,0,0,0,0,0,0,0,0,0,0,0,0,0,0,0,0,0,0
0,0,0,0,0,0,0,0,0,0,0,0,0,0,0,0,0,0,0,0,0,0,0,0,0
0,0,0,0,0,0,0,0,0,0,0,0,0,0,0,0,0,0,0,0,0,0,0,0,0
0,0,0,0,0,0,0,0,0,0,0,0,0,0,0,0,0,0,0,0,0,0,0,0,0
0,0,0,0,0,0,0,0,0,0,0,0,0,0,0,0,0,0,0,0,0,0,0,0,0
0,0,0,0,0,0,0,0,0,0,0,0,0,0,0,0,0,0,0,0,0,0,0,0,0
0,0,0,0,0,0,0,0,0,0,0,0,0,0,0,0,0,0,0,0,0,0,0,0,0
0,0,0,0,0,0,0,0,0,0,0,0,0,0,0,0,0,0,0,0,0,0,0,0,0
0,0,0,0,0,0,0,0,0,0,0,0,0,0,0,0,0,0,0,0,0,0,0,0,0
0,0,0,0,0,0,0,0,0,0,0,0,0,0,0,0,0,0,0,0,0,0,0,0,0
0,0,0,0,0,0,0,0,0,0,0,0,0,0,0,0,0,0,0,0,0,0,0,0,0
0,0,0,0,0,0,0,0,0,0,0,0,0,0,0,0,0,0,0,0,0,0,0,0,0
0,0,0,0,0,0,0,0,0,0,0,0,0,0,0,0,0,0,0,0,0,0,0,0,0
0,0,0,0,0,0,0,0,0,0,0,0,0,0,0,0,0,0,0,0,0,0,0,0,0
0,0,0,0,0,0,0,0,0,0,0,0,0,0,0,0,0,0,0,0,0,0,0,0,0
0,0,0,0,0,0,0,0,0,0,0,0,0,0,0,0,0,0,0,0,0,0,0,0,0
0,0,0,0,0,0,0,0,0,0,0,0,0,0,0,0,0,0,0,0,0,0,0,0,0
0,0,0,0,0,0,0,0,0,0,0,0,0,0,0,0,0,0,0,0,0,0,0,0,0
0,0,0,0,0,0,0,0,0,0,0,0,0,0,0,0,0,0,0,0,0,0,0,0,0
0,0,0,0,0,0,0,0,0,0,0,0,0,0,0,0,0,0,0,0,0,0,0,0,0
0,0,0,0,0,0,0,0,0,0,0,0,0,0,0,0,0,0,0,0,0,0,0,0,0
0,0,0,0,0,0,0,0,0,0,0,0,0,0,0,0,0,0,0,0,0,0,0,0,0
0,0,0,0,0,0,0,0,0,0,0,0,0,0,0,0,0,0,0,0,0,0,0,0,0
0,0,0,0,0,0,0,0,0,0,0,0,0,0,0,0,0,0,0,0,0,0,0,0,0
0,0,0,0,0,0,0,0,0,0,0,0,0,0,0,0,0,0,0,0,0,0,0,0,0
0,0,0,0,0,0,0,0,0,0,0,0,0,0,0,0,0,0,0,0,0,0,0,0,0
0,0,0,0,0,0,0,0,0,0,0,0,0,0,0,0,0,0,0,0,0,0,0,0,0
0,0,0,0,0,0,0,0,0,0,0,0,0,0,0,0,0,0,0,0,0,0,0,0,0
0,0,0,0,0,0,0,0,0,0,0,0,0,0,0,0,0,0,0,0,0,0,0,0,0
0,0,0,0,0,0,0,0,0,0,0,0,0,0,0,0,0,0,0,0,0,0,0,0,0
0,0,0,0,0,0,0,0,0,0,0,0,0,0,0,0,0,0,0,0,0,0,0,0,0
0,0,0,0,0,0,0,0,0,0,0,0,0,0,0,0,0,0,0,0,0,0,0,0,0
0,0,0,0,0,0,0,0,0,0,0,0,0,0,0,0,0,0,0,0,0,0,0,0,0
0,0,0,0,0,0,0,0,0,0,0,0,0,0,0,0,0,0,0,0,0,0,0,0,0
0,0,0,0,0,0,0,0,0,0,0,0,0,0,0,0,0,0,0,0,0,0,0,0,0
0,0,0,0,0,0,0,0,0,0,0,0,0,0,0,0,0,0,0,0,0,0,0,0,0
0,0,0,0,0,0,0,0,0,0,0,0,0,0,0,0,0,0,0,0,0,0,0,0,0
0,0,0,0,0,0,0,0,0,0,0,0,0,0,0,0,0,0,0,0,0,0,0,0,0
0,0,0,0,0,0,0,0,0,0,0,0,0,0,0,0,0,0,0,0,0,0,0,0,0
0,0,0,0,0,0,0,0,0,0,0,0,0,0,0,0,0,0,0,0,0,0,0,0,0
0,0,0,0,0,0,0,0,0,0,0,0,0,0,0,0,0,0,0,0,0,0,0,0,0
0,0,0,0,0,0,0,0,0,0,0,0,0,0,0,0,0,0,0,0,0,0,0,0,0
0,0,0,0,0,0,0,0,0,0,0,0,0,0,0,0,0,0,0,0,0,0,0,0,0
0,0,0,0,0,0,0,0,0,0,0,0,0,0,0,0,0,0,0,0,0,0,0,0,0
0,0,0,0,0,0,0,0,0,0,0,0,0,0,0,0,0,0,0,0,0,0,0,0,0
0,0,0,0,0,0,0,0,0,0,0,0,0,0,0,0,0,0,0,0,0,0,0,0,0
0,0,0,0,0,0,0,0,0,0,0,0,0,0,0,0,0,0,0,0,0,0,0,0,0
0,0,0,0,0,0,0,0,0,0,0,0,0,0,0,0,0,0,0,0,0,0,0,0,0
0,0,0,0,0,0,0,0,0,0,0,0,0,0,0,0,0,0,0,0,0,0,0,0,0
0,0,0,0,0,0,0,0,0,0,0,0,0,0,0,0,0,0,0,0,0,0,0,0,0
0,0,0,0,0,0,0,0,0,0,0,0,0,0,0,0,0,0,0,0,0,0,0,0,0
0,0,0,0,0,0,0,0,0,0,0,0,0,0,0,0,0,0,0,0,0,0,0,0,0
0,0,0,0,0,0,0,0,0,0,0,0,0,0,0,0,0,0,0,0,0,0,0,0,0
0,0,0,0,0,0,0,0,0,0,0,0,0,0,0,0,0,0,0,0,0,0,0,0,0
0,0,0,0,0,0,0,0,0,0,0,0,0,0,0,0,0,0,0,0,0,0,0,0,0
0,0,0,0,0,0,0,0,0,0,0,0,0,0,0,0,0,0,0,0,0,0,0,0,0
0,0,0,0,0,0,0,0,0,0,0,0,0,0,0,0,0,0,0,0,0,0,0,0,0
0,0,0,0,0,0,0,0,0,0,0,0,0,0,0,0,0,0,0,0,0,0,0,0,0
0,0,0,0,0,0,0,0,0,0,0,0,0,0,0,0,0,0,0,0,0,0,0,0,0
0,0,0,0,0,0,0,0,0,0,0,0,0,0,0,0,0,0,0,0,0,0,0,0,0
0,0,0,0,0,0,0,0,0,0,0,0,0,0,0,0,0,0,0,0,0,0,0,0,0
0,0,0,0,0,0,0,0,0,0,0,0,0,0,0,0,0,0,0,0,0,0,0,0,0
0,0,0,0,0,0,0,0,0,0,0,0,0,0,0,0,0,0,0,0,0,0,0,0,0
0,0,0,0,0,0,0,0,0,0,0,0,0,0,0,0,0,0,0,0,0,0,0,0,0
0,0,0,0,0,0,0,0,0,0,0,0,0,0,0,0,0,0,0,0,0,0,0,0,0
0,0,0,0,0,0,0,0,0,0,0,0,0,0,0,0,0,0,0,0,0,0,0,0,0
0,0,0,0,0,0,0,0,0,0,0,0,0,0,0,0,0,0,0,0,0,0,0,0,0
0,0,0,0,0,0,0,0,0,0,0,0,0,0,0,0,0,0,0,0,0,0,0,0,0
0,0,0,0,0,0,0,0,0,0,0,0,0,0,0,0,0,0,0,0,0,0,0,0,0
0,0,0,0,0,0,0,0,0,0,0,0,0,0,0,0,0,0,0,0,0,0,0,0,0
0,0,0,0,0,0,0,0,0,0,0,0,0,0,0,0,0,0,0,0,0,0,0,0,0
0,0,0,0,0,0,0,0,0,0,0,0,0,0,0,0,0,0,0,0,0,0,0,0,0
0,0,0,0,0,0,0,0,0,0,0,0,0,0,0,0,0,0,0,0,0,0,0,0,0
0,0,0,0,0,0,0,0,0,0,0,0,0,0,0,0,0,0,0,0,0,0,0,0,0
0,0,0,0,0,0,0,0,0,0,0,0,0,0,0,0,0,0,0,0,0,0,0,0,0
0,0,0,0,0,0,0,0,0,0,0,0,0,0,0,0,0,0,0,0,0,0,0,0,0
0,0,0,0,0,0,0,0,0,0,0,0,0,0,0,0,0,0,0,0,0,0,0,0,0
0,0,0,0,0,0,0,0,0,0,0,0,0,0,0,0,0,0,0,0,0,0,0,0,0
0,0,0,0,0,0,0,0,0,0,0,0,0,0,0,0,0,0,0,0,0,0,0,0,0
0,0,0,0,0,0,0,0,0,0,0,0,0,0,0,0,0,0,0,0,0,0,0,0,0
0,0,0,0,0,0,0,0,0,0,0,0,0,0,0,0,0,0,0,0,0,0,0,0,0
0,0,0,0,0,0,0,0,0,0,0,0,0,0,0,0,0,0,0,0,0,0,0,0,0
0,0,0,0,0,0,0,0,0,0,0,0,0,0,0,0,0,0,0,0,0,0,0,0,0
0,0,0,0,0,0,0,0,0,0,0,0,0,0,0,0,0,0,0,0,0,0,0,0,0
0,0,0,0,0,0,0,0,0,0,0,0,0,0,0,0,0,0,0,0,0,0,0,0,0
0,0,0,0,0,0,0,0,0,0,0,0,0,0,0,0,0,0,0,0,0,0,0,0,0
0,0,0,0,0,0,0,0,0,0,0,0,0,0,0,0,0,0,0,0,0,0,0,0,0
0,0,0,0,0,0,0,0,0,0,0,0,0,0,0,0,0,0,0,0,0,0,0,0,0
0,0,0,0,0,0,0,0,0,0,0,0,0,0,0,0,0,0,0,0,0,0,0,0,0
0,0,0,0,0,0,0,0,0,0,0,0,0,0,0,0,0,0,0,0,0,0,0,0,0
0,0,0,0,0,0,0,0,0,0,0,0,0,0,0,0,0,0,0,0,0,0,0,0,0
0,0,0,0,0,0,0,0,0,0,0,0,0,0,0,0,0,0,0,0,0,0,0,0,0
0,0,0,0,0,0,0,0,0,0,0,0,0,0,0,0,0,0,0,0,0,0,0,0,0
0,0,0,0,0,0,0,0,0,0,0,0,0,0,0,0,0,0,0,0,0,0,0,0,0
0,0,0,0,0,0,0,0,0,0,0,0,0,0,0,0,0,0,0,0,0,0,0,0,0
0,0,0,0,0,0,0,0,0,0,0,0,0,0,0,0,0,0,0,0,0,0,0,0,0
0,0,0,0,0,0,0,0,0,0,0,0,0,0,0,0,0,0,0,0,0,0,0,0,0
0,0,0,0,0,0,0,0,0,0,0,0,0,0,0,0,0,0,0,0,0,0,0,0,0
0,0,0,0,0,0,0,0,0,0,0,0,0,0,0,0,0,0,0,0,0,0,0,0,0
0,0,0,0,0,0,0,0,0,0,0,0,0,0,0,0,0,0,0,0,0,0,0,0,0
0,0,0,0,0,0,0,0,0,0,0,0,0,0,0,0,0,0,0,0,0,0,0,0,0
0,0,0,0,0,0,0,0,0,0,0,0,0,0,0,0,0,0,0,0,0,0,0,0,0
0,0,0,0,0,0,0,0,0,0,0,0,0,0,0,0,0,0,0,0,0,0,0,0,0
0,0,0,0,0,0,0,0,0,0,0,0,0,0,0,0,0,0,0,0,0,0,0,0,0
0,0,0,0,0,0,0,0,0,0,0,0,0,0,0,0,0,0,0,0,0,0,0,0,0
0,0,0,0,0,0,0,0,0,0,0,0,0,0,0,0,0,0,0,0,0,0,0,0,0
0,0,0,0,0,0,0,0,0,0,0,0,0,0,0,0,0,0,0,0,0,0,0,0,0
0,0,0,0,0,0,0,0,0,0,0,0,0,0,0,0,0,0,0,0,0,0,0,0,0
0,0,0,0,0,0,0,0,0,0,0,0,0,0,0,0,0,0,0,0,0,0,0,0,0
0,0,0,0,0,0,0,0,0,0,0,0,0,0,0,0,0,0,0,0,0,0,0,0,0
0,0,0,0,0,0,0,0,0,0,0,0,0,0,0,0,0,0,0,0,0,0,0,0,0
0,0,0,0,0,0,0,0,0,0,0,0,0,0,0,0,0,0,0,0,0,0,0,0,0
0,0,0,0,0,0,0,0,0,0,0,0,0,0,0,0,0,0,0,0,0,0,0,0,0
0,0,0,0,0,0,0,0,0,0,0,0,0,0,0,0,0,0,0,0,0,0,0,0,0
0,0,0,0,0,0,0,0,0,0,0,0,0,0,0,0,0,0,0,0,0,0,0,0,0
0,0,0,0,0,0,0,0,0,0,0,0,0,0,0,0,0,0,0,0,0,0,0,0,0
0,0,0,0,0,0,0,0,0,0,0,0,0,0,0,0,0,0,0,0,0,0,0,0,0
0,0,0,0,0,0,0,0,0,0,0,0,0,0,0,0,0,0,0,0,0,0,0,0,0
0,0,0,0,0,0,0,0,0,0,0,0,0,0,0,0,0,0,0,0,0,0,0,0,0
0,0,0,0,0,0,0,0,0,0,0,0,0,0,0,0,0,0,0,0,0,0,0,0,0
0,0,0,0,0,0,0,0,0,0,0,0,0,0,0,0,0,0,0,0,0,0,0,0,0
0,0,0,0,0,0,0,0,0,0,0,0,0,0,0,0,0,0,0,0,0,0,0,0,0
0,0,0,0,0,0,0,0,0,0,0,0,0,0,0,0,0,0,0,0,0,0,0,0,0
0,0,0,0,0,0,0,0,0,0,0,0,0,0,0,0,0,0,0,0,0,0,0,0,0
0,0,0,0,0,0,0,0,0,0,0,0,0,0,0,0,0,0,0,0,0,0,0,0,0
0,0,0,0,0,0,0,0,0,0,0,0,0,0,0,0,0,0,0,0,0,0,0,0,0
0,0,0,0,0,0,0,0,0,0,0,0,0,0,0,0,0,0,0,0,0,0,0,0,0
0,0,0,0,0,0,0,0,0,0,0,0,0,0,0,0,0,0,0,0,0,0,0,0,0
0,0,0,0,0,0,0,0,0,0,0,0,0,0,0,0,0,0,0,0,0,0,0,0,0
0,0,0,0,0,0,0,0,0,0,0,0,0,0,0,0,0,0,0,0,0,0,0,0,0
0,0,0,0,0,0,0,0,0,0,0,0,0,0,0,0,0,0,0,0,0,0,0,0,0
0,0,0,0,0,0,0,0,0,0,0,0,0,0,0,0,0,0,0,0,0,0,0,0,0
0,0,0,0,0,0,0,0,0,0,0,0,0,0,0,0,0,0,0,0,0,0,0,0,0
0,0,0,0,0,0,0,0,0,0,0,0,0,0,0,0,0,0,0,0,0,0,0,0,0
0,0,0,0,0,0,0,0,0,0,0,0,0,0,0,0,0,0,0,0,0,0,0,0,0
0,0,0,0,0,0,0,0,0,0,0,0,0,0,0,0,0,0,0,0,0,0,0,0,0
0,0,0,0,0,0,0,0,0,0,0,0,0,0,0,0,0,0,0,0,0,0,0,0,0
0,0,0,0,0,0,0,0,0,0,0,0,0,0,0,0,0,0,0,0,0,0,0,0,0
0,0,0,0,0,0,0,0,0,0,0,0,0,0,0,0,0,0,0,0,0,0,0,0,0
0,0,0,0,0,0,0,0,0,0,0,0,0,0,0,0,0,0,0,0,0,0,0,0,0
0,0,0,0,0,0,0,0,0,0,0,0,0,0,0,0,0,0,0,0,0,0,0,0,0
0,0,0,0,0,0,0,0,0,0,0,0,0,0,0,0,0,0,0,0,0,0,0,0,0
0,0,0,0,0,0,0,0,0,0,0,0,0,0,0,0,0,0,0,0,0,0,0,0,0
0,0,0,0,0,0,0,0,0,0,0,0,0,0,0,0,0,0,0,0,0,0,0,0,0
0,0,0,0,0,0,0,0,0,0,0,0,0,0,0,0,0,0,0,0,0,0,0,0,0
0,0,0,0,0,0,0,0,0,0,0,0,0,0,0,0,0,0,0,0,0,0,0,0,0
0,0,0,0,0,0,0,0,0,0,0,0,0,0,0,0,0,0,0,0,0,0,0,0,0
0,0,0,0,0,0,0,0,0,0,0,0,0,0,0,0,0,0,0,0,0,0,0,0,0
0,0,0,0,0,0,0,0,0,0,0,0,0,0,0,0,0,0,0,0,0,0,0,0,0
0,0,0,0,0,0,0,0,0,0,0,0,0,0,0,0,0,0,0,0,0,0,0,0,0
0,0,0,0,0,0,0,0,0,0,0,0,0,0,0,0,0,0,0,0,0,0,0,0,0
0,0,0,0,0,0,0,0,0,0,0,0,0,0,0,0,0,0,0,0,0,0,0,0,0
0,0,0,0,0,0,0,0,0,0,0,0,0,0,0,0,0,0,0,0,0,0,0,0,0
0,0,0,0,0,0,0,0,0,0,0,0,0,0,0,0,0,0,0,0,0,0,0,0,0
0,0,0,0,0,0,0,0,0,0,0,0,0,0,0,0,0,0,0,0,0,0,0,0,0
0,0,0,0,0,0,0,0,0,0,0,0,0,0,0,0,0,0,0,0,0,0,0,0,0
0,0,0,0,0,0,0,0,0,0,0,0,0,0,0,0,0,0,0,0,0,0,0,0,0
0,0,0,0,0,0,0,0,0,0,0,0,0,0,0,0,0,0,0,0,0,0,0,0,0
0,0,0,0,0,0,0,0,0,0,0,0,0,0,0,0,0,0,0,0,0,0,0,0,0
0,0,0,0,0,0,0,0,0,0,0,0,0,0,0,0,0,0,0,0,0,0,0,0,0
0,0,0,0,0,0,0,0,0,0,0,0,0,0,0,0,0,0,0,0,0,0,0,0,0
0,0,0,0,0,0,0,0,0,0,0,0,0,0,0,0,0,0,0,0,0,0,0,0,0
0,0,0,0,0,0,0,0,0,0,0,0,0,0,0,0,0,0,0,0,0,0,0,0,0
0,0,0,0,0,0,0,0,0,0,0,0,0,0,0,0,0,0,0,0,0,0,0,0,0
0,0,0,0,0,0,0,0,0,0,0,0,0,0,0,0,0,0,0,0,0,0,0,0,0
0,0,0,0,0,0,0,0,0,0,0,0,0,0,0,0,0,0,0,0,0,0,0,0,0
0,0,0,0,0,0,0,0,0,0,0,0,0,0,0,0,0,0,0,0,0,0,0,0,0
0,0,0,0,0,0,0,0,0,0,0,0,0,0,0,0,0,0,0,0,0,0,0,0,0
0,0,0,0,0,0,0,0,0,0,0,0,0,0,0,0,0,0,0,0,0,0,0,0,0
0,0,0,0,0,0,0,0,0,0,0,0,0,0,0,0,0,0,0,0,0,0,0,0,0
0,0,0,0,0,0,0,0,0,0,0,0,0,0,0,0,0,0,0,0,0,0,0,0,0
0,0,0,0,0,0,0,0,0,0,0,0,0,0,0,0,0,0,0,0,0,0,0,0,0
0,0,0,0,0,0,0,0,0,0,0,0,0,0,0,0,0,0,0,0,0,0,0,0,0
0,0,0,0,0,0,0,0,0,0,0,0,0,0,0,0,0,0,0,0,0,0,0,0,0
0,0,0,0,0,0,0,0,0,0,0,0,0,0,0,0,0,0,0,0,0,0,0,0,0
0,0,0,0,0,0,0,0,0,0,0,0,0,0,0,0,0,0,0,0,0,0,0,0,0
0,0,0,0,0,0,0,0,0,0,0,0,0,0,0,0,0,0,0,0,0,0,0,0,0
0,0,0,0,0,0,0,0,0,0,0,0,0,0,0,0,0,0,0,0,0,0,0,0,0
0,0,0,0,0,0,0,0,0,0,0,0,0,0,0,0,0,0,0,0,0,0,0,0,0
0,0,0,0,0,0,0,0,0,0,0,0,0,0,0,0,0,0,0,0,0,0,0,0,0
0,0,0,0,0,0,0,0,0,0,0,0,0,0,0,0,0,0,0,0,0,0,0,0,0
0,0,0,0,0,0,0,0,0,0,0,0,0,0,0,0,0,0,0,0,0,0,0,0,0
0,0,0,0,0,0,0,0,0,0,0,0,0,0,0,0,0,0,0,0,0,0,0,0,0
0,0,0,0,0,0,0,0,0,0,0,0,0,0,0,0,0,0,0,0,0,0,0,0,0
0,0,0,0,0,0,0,0,0,0,0,0,0,0,0,0,0,0,0,0,0,0,0,0,0
0,0,0,0,0,0,0,0,0,0,0,0,0,0,0,0,0,0,0,0,0,0,0,0,0
0,0,0,0,0,0,0,0,0,0,0,0,0,0,0,0,0,0,0,0,0,0,0,0,0
0,0,0,0,0,0,0,0,0,0,0,0,0,0,0,0,0,0,0,0,0,0,0,0,0
0,0,0,0,0,0,0,0,0,0,0,0,0,0,0,0,0,0,0,0,0,0,0,0,0
0,0,0,0,0,0,0,0,0,0,0,0,0,0,0,0,0,0,0,0,0,0,0,0,0
0,0,0,0,0,0,0,0,0,0,0,0,0,0,0,0,0,0,0,0,0,0,0,0,0
0,0,0,0,0,0,0,0,0,0,0,0,0,0,0,0,0,0,0,0,0,0,0,0,0
0,0,0,0,0,0,0,0,0,0,0,0,0,0,0,0,0,0,0,0,0,0,0,0,0
0,0,0,0,0,0,0,0,0,0,0,0,0,0,0,0,0,0,0,0,0,0,0,0,0
0,0,0,0,0,0,0,0,0,0,0,0,0,0,0,0,0,0,0,0,0,0,0,0,0
0,0,0,0,0,0,0,0,0,0,0,0,0,0,0,0,0,0,0,0,0,0,0,0,0
0,0,0,0,0,0,0,0,0,0,0,0,0,0,0,0,0,0,0,0,0,0,0,0,0
0,0,0,0,0,0,0,0,0,0,0,0,0,0,0,0,0,0,0,0,0,0,0,0,0
0,0,0,0,0,0,0,0,0,0,0,0,0,0,0,0,0,0,0,0,0,0,0,0,0
0,0,0,0,0,0,0,0,0,0,0,0,0,0,0,0,0,0,0,0,0,0,0,0,0
0,0,0,0,0,0,0,0,0,0,0,0,0,0,0,0,0,0,0,0,0,0,0,0,0
0,0,0,0,0,0,0,0,0,0,0,0,0,0,0,0,0,0,0,0,0,0,0,0,0
0,0,0,0,0,0,0,0,0,0,0,0,0,0,0,0,0,0,0,0,0,0,0,0,0
0,0,0,0,0,0,0,0,0,0,0,0,0,0,0,0,0,0,0,0,0,0,0,0,0
0,0,0,0,0,0,0,0,0,0,0,0,0,0,0,0,0,0,0,0,0,0,0,0,0
0,0,0,0,0,0,0,0,0,0,0,0,0,0,0,0,0,0,0,0,0,0,0,0,0
0,0,0,0,0,0,0,0,0,0,0,0,0,0,0,0,0,0,0,0,0,0,0,0,0
0,0,0,0,0,0,0,0,0,0,0,0,0,0,0,0,0,0,0,0,0,0,0,0,0
0,0,0,0,0,0,0,0,0,0,0,0,0,0,0,0,0,0,0,0,0,0,0,0,0
0,0,0,0,0,0,0,0,0,0,0,0,0,0,0,0,0,0,0,0,0,0,0,0,0
0,0,0,0,0,0,0,0,0,0,0,0,0,0,0,0,0,0,0,0,0,0,0,0,0
0,0,0,0,0,0,0,0,0,0,0,0,0,0,0,0,0,0,0,0,0,0,0,0,0
0,0,0,0,0,0,0,0,0,0,0,0,0,0,0,0,0,0,0,0,0,0,0,0,0
0,0,0,0,0,0,0,0,0,0,0,0,0,0,0,0,0,0,0,0,0,0,0,0,0
0,0,0,0,0,0,0,0,0,0,0,0,0,0,0,0,0,0,0,0,0,0,0,0,0
0,0,0,0,0,0,0,0,0,0,0,0,0,0,0,0,0,0,0,0,0,0,0,0,0
0,0,0,0,0,0,0,0,0,0,0,0,0,0,0,0,0,0,0,0,0,0,0,0,0
0,0,0,0,0,0,0,0,0,0,0,0,0,0,0,0,0,0,0,0,0,0,0,0,0
0,0,0,0,0,0,0,0,0,0,0,0,0,0,0,0,0,0,0,0,0,0,0,0,0
0,0,0,0,0,0,0,0,0,0,0,0,0,0,0,0,0,0,0,0,0,0,0,0,0
0,0,0,0,0,0,0,0,0,0,0,0,0,0,0,0,0,0,0,0,0,0,0,0,0
0,0,0,0,0,0,0,0,0,0,0,0,0,0,0,0,0,0,0,0,0,0,0,0,0
0,0,0,0,0,0,0,0,0,0,0,0,0,0,0,0,0,0,0,0,0,0,0,0,0
0,0,0,0,0,0,0,0,0,0,0,0,0,0,0,0,0,0,0,0,0,0,0,0,0
0,0,0,0,0,0,0,0,0,0,0,0,0,0,0,0,0,0,0,0,0,0,0,0,0
0,0,0,0,0,0,0,0,0,0,0,0,0,0,0,0,0,0,0,0,0,0,0,0,0
0,0,0,0,0,0,0,0,0,0,0,0,0,0,0,0,0,0,0,0,0,0,0,0,0
0,0,0,0,0,0,0,0,0,0,0,0,0,0,0,0,0,0,0,0,0,0,0,0,0
0,0,0,0,0,0,0,0,0,0,0,0,0,0,0,0,0,0,0,0,0,0,0,0,0
0,0,0,0,0,0,0,0,0,0,0,0,0,0,0,0,0,0,0,0,0,0,0,0,0
0,0,0,0,0,0,0,0,0,0,0,0,0,0,0,0,0,0,0,0,0,0,0,0,0
0,0,0,0,0,0,0,0,0,0,0,0,0,0,0,0,0,0,0,0,0,0,0,0,0
0,0,0,0,0,0,0,0,0,0,0,0,0,0,0,0,0,0,0,0,0,0,0,0,0
0,0,0,0,0,0,0,0,0,0,0,0,0,0,0,0,0,0,0,0,0,0,0,0,0
0,0,0,0,0,0,0,0,0,0,0,0,0,0,0,0,0,0,0,0,0,0,0,0,0
0,0,0,0,0,0,0,0,0,0,0,0,0,0,0,0,0,0,0,0,0,0,0,0,0
0,0,0,0,0,0,0,0,0,0,0,0,0,0,0,0,0,0,0,0,0,0,0,0,0
0,0,0,0,0,0,0,0,0,0,0,0,0,0,0,0,0,0,0,0,0,0,0,0,0
0,0,0,0,0,0,0,0,0,0,0,0,0,0,0,0,0,0,0,0,0,0,0,0,0
0,0,0,0,0,0,0,0,0,0,0,0,0,0,0,0,0,0,0,0,0,0,0,0,0
0,0,0,0,0,0,0,0,0,0,0,0,0,0,0,0,0,0,0,0,0,0,0,0,0
0,0,0,0,0,0,0,0,0,0,0,0,0,0,0,0,0,0,0,0,0,0,0,0,0
0,0,0,0,0,0,0,0,0,0,0,0,0,0,0,0,0,0,0,0,0,0,0,0,0
0,0,0,0,0,0,0,0,0,0,0,0,0,0,0,0,0,0,0,0,0,0,0,0,0
0,0,0,0,0,0,0,0,0,0,0,0,0,0,0,0,0,0,0,0,0,0,0,0,0
0,0,0,0,0,0,0,0,0,0,0,0,0,0,0,0,0,0,0,0,0,0,0,0,0
0,0,0,0,0,0,0,0,0,0,0,0,0,0,0,0,0,0,0,0,0,0,0,0,0
0,0,0,0,0,0,0,0,0,0,0,0,0,0,0,0,0,0,0,0,0,0,0,0,0
0,0,0,0,0,0,0,0,0,0,0,0,0,0,0,0,0,0,0,0,0,0,0,0,0
0,0,0,0,0,0,0,0,0,0,0,0,0,0,0,0,0,0,0,0,0,0,0,0,0
0,0,0,0,0,0,0,0,0,0,0,0,0,0,0,0,0,0,0,0,0,0,0,0,0
0,0,0,0,0,0,0,0,0,0,0,0,0,0,0,0,0,0,0,0,0,0,0,0,0
0,0,0,0,0,0,0,0,0,0,0,0,0,0,0,0,0,0,0,0,0,0,0,0,0
0,0,0,0,0,0,0,0,0,0,0,0,0,0,0,0,0,0,0,0,0,0,0,0,0
0,0,0,0,0,0,0,0,0,0,0,0,0,0,0,0,0,0,0,0,0,0,0,0,0
0,0,0,0,0,0,0,0,0,0,0,0,0,0,0,0,0,0,0,0,0,0,0,0,0
0,0,0,0,0,0,0,0,0,0,0,0,0,0,0,0,0,0,0,0,0,0,0,0,0
0,0,0,0,0,0,0,0,0,0,0,0,0,0,0,0,0,0,0,0,0,0,0,0,0
0,0,0,0,0,0,0,0,0,0,0,0,0,0,0,0,0,0,0,0,0,0,0,0,0
0,0,0,0,0,0,0,0,0,0,0,0,0,0,0,0,0,0,0,0,0,0,0,0,0
0,0,0,0,0,0,0,0,0,0,0,0,0,0,0,0,0,0,0,0,0,0,0,0,0
0,0,0,0,0,0,0,0,0,0,0,0,0,0,0,0,0,0,0,0,0,0,0,0,0
0,0,0,0,0,0,0,0,0,0,0,0,0,0,0,0,0,0,0,0,0,0,0,0,0
0,0,0,0,0,0,0,0,0,0,0,0,0,0,0,0,0,0,0,0,0,0,0,0,0
0,0,0,0,0,0,0,0,0,0,0,0,0,0,0,0,0,0,0,0,0,0,0,0,0
0,0,0,0,0,0,0,0,0,0,0,0,0,0,0,0,0,0,0,0,0,0,0,0,0
0,0,0,0,0,0,0,0,0,0,0,0,0,0,0,0,0,0,0,0,0,0,0,0,0
0,0,0,0,0,0,0,0,0,0,0,0,0,0,0,0,0,0,0,0,0,0,0,0,0
0,0,0,0,0,0,0,0,0,0,0,0,0,0,0,0,0,0,0,0,0,0,0,0,0
